200 200
2 1
3 1
4 1
5 1
6 1
7 1
8 5
9 1
10 9
11 5
12 4
13 7
14 7
15 9
16 8
17 13
18 10
19 7
20 11
21 20
22 8
23 16
24 16
25 1
26 11
27 8
28 13
29 19
30 1
31 1
32 2
33 15
34 1
35 33
36 14
37 21
38 21
39 38
40 39
41 34
42 36
43 5
44 7
45 27
46 1
47 14
48 34
49 23
50 36
51 41
52 10
53 52
54 46
55 51
56 1
57 29
58 13
59 14
60 5
61 16
62 29
63 55
64 19
65 11
66 39
67 37
68 7
69 9
70 56
71 19
72 32
73 33
74 7
75 11
76 12
77 44
78 21
79 49
80 67
81 61
82 55
83 39
84 10
85 43
86 56
87 65
88 77
89 19
90 10
91 55
92 85
93 19
94 73
95 75
96 91
97 9
98 68
99 75
100 70
101 21
102 10
103 59
104 101
105 47
106 43
107 39
108 2
109 66
110 64
111 83
112 1
113 103
114 39
115 107
116 85
117 43
118 100
119 61
120 103
121 25
122 15
123 110
124 76
125 77
126 125
127 61
128 4
129 63
130 76
131 105
132 20
133 96
134 126
135 69
136 35
137 41
138 108
139 69
140 26
141 38
142 127
143 117
144 106
145 46
146 110
147 53
148 8
149 131
150 149
151 91
152 125
153 132
154 103
155 87
156 136
157 144
158 140
159 85
160 148
161 89
162 136
163 116
164 110
165 127
166 151
167 39
168 96
169 102
170 13
171 38
172 28
173 165
174 2
175 78
176 164
177 111
178 124
179 121
180 32
181 163
182 90
183 143
184 58
185 157
186 133
187 169
188 52
189 168
190 23
191 14
192 148
193 85
194 178
195 156
196 103
197 141
198 101
199 185
200 183
125 1
82 6
41 49
106 60
124 21
155 9
94 1
108 199
41 186
39 1
93 101
76 189
51 107
151 17
100 65
177 69
193 23
145 9
155 121
93 113
151 193
73 5
92 25
33 189
193 141
6 55
178 24
1 5
193 136
197 104
169 147
149 41
41 11
15 26
69 169
73 8
166 30
73 125
137 115
113 176
7 172
145 97
7 1
94 64
117 72
73 193
117 37
96 83
37 41
93 19
33 124
51 43
185 177
81 65
5 49
113 68
137 46
60 39
41 144
41 8
108 191
155 65
113 191
139 90
118 33
105 60
173 11
41 73
145 160
177 81
111 53
75 93
151 84
191 78
37 53
9 61
66 192
1 110
171 161
187 111
121 137
161 164
182 11
1 135
111 183
75 1
125 41
183 181
149 114
147 135
177 191
55 185
166 98
38 42
31 181
51 197
141 10
185 177
105 34
75 17
149 47
5 9
149 71
129 49
171 127
133 36
200 63
31 53
81 93
143 36
6 9
188 187
53 101
178 84
29 41
161 23
1 78
145 121
33 178
62 161
177 158
139 181
139 36
158 161
86 185
126 37
129 1
186 132
37 172
71 119
125 126
160 167
126 191
61 177
156 83
186 81
129 82
171 105
189 69
197 123
45 111
121 167
181 112
121 149
123 170
71 53
71 188
179 73
59 79
11 5
153 121
171 191
126 1
21 3
185 183
71 114
41 125
145 41
198 72
198 70
55 44
16 16
131 8
173 1
45 112
111 39
43 146
176 15
158 23
65 176
96 86
97 137
67 95
44 55
193 197
149 181
148 78
107 80
47 12
49 111
153 189
75 144
113 197
110 161
145 101
19 177
95 64
25 138
20 119
157 70
113 31
193 93
73 77
14 112
26 2
93 40
133 46
61 33
17 129
149 15
