100 100
2 85 6655
2 2 9312
1 4 49
1 21 93
1 31 70
1 42 76
1 10 33
2 31 8796
2 28 5465
2 14 1330
2 68 1636
1 6 6
1 65 80
2 84 250
2 97 8942
1 47 63
1 21 49
2 32 239
2 24 2177
1 38 79
2 82 8755
2 10 1023
1 45 52
2 69 3937
2 32 5000
2 26 4587
1 35 48
2 5 6931
2 34 7855
2 3 8257
2 45 65
1 17 43
1 92 98
1 49 91
2 16 4022
1 20 27
2 97 4919
2 42 9200
2 5 4955
1 10 49
2 61 7353
1 26 32
2 20 243
1 41 42
1 58 97
1 21 54
1 10 71
2 70 5713
1 34 78
2 42 9962
1 28 76
1 5 92
2 100 505
1 12 36
1 4 75
1 37 55
2 71 6371
1 28 51
2 34 3061
1 18 24
1 35 96
1 29 77
1 15 79
1 11 42
2 50 6932
2 51 5080
1 35 54
2 39 4657
2 91 846
2 9 7180
2 62 5359
1 4 59
1 63 93
2 99 6447
1 16 33
2 45 4284
2 90 9863
2 65 25
1 4 68
1 51 54
1 31 48
1 43 71
1 40 51
1 80 89
1 16 48
1 31 54
2 25 6416
1 23 36
2 38 1341
1 11 61
1 33 64
1 34 58
1 55 96
1 33 38
1 6 75
2 31 5381
1 16 18
2 49 5231
2 73 9836
2 28 279
