15 105
11 13
2 5
4 6
7 8
7 12
5 10
9 15
8 12
5 8
1 11
11 14
10 14
3 6
14 15
3 10
12 14
5 11
6 15
7 11
1 3
2 6
9 13
5 9
9 14
6 13
3 13
5 12
2 3
4 9
6 8
5 6
12 15
8 11
1 14
5 7
6 11
7 14
3 11
7 10
1 12
8 15
4 5
3 14
1 9
1 15
1 13
7 9
3 7
6 12
13 14
1 7
3 8
3 15
9 10
2 15
6 7
2 8
7 15
5 13
2 13
8 10
4 8
4 12
13 15
9 12
3 5
3 4
4 10
8 13
1 10
8 9
3 12
2 12
6 14
5 15
4 7
5 14
1 4
4 11
6 9
6 10
2 9
9 11
10 13
2 10
11 15
7 13
3 9
11 12
1 2
12 13
10 12
2 7
8 14
10 15
10 11
2 14
2 11
1 8
4 15
1 5
1 6
4 14
4 13
2 4
