3640 4140
46 3452
736 830
1120 1686
746 1632
1144 1825
116 3179
1914 2512
2264 2464
631 1036
543 2989
286 1037
476 2157
1792 2129
560 2044
446 2207
937 2289
1863 2070
1357 2522
650 1135
1026 2731
696 3242
2270 3028
1907 2239
2569 3542
782 2054
875 944
1721 1756
1233 2051
26 456
614 1783
1842 2605
3029 3099
1077 3188
1099 3112
301 2269
207 2076
1055 2215
31 982
298 1247
1112 3170
3302 3353
1234 2158
401 2406
310 1461
3190 3256
158 1669
1800 3247
1023 1586
460 3242
3304 3556
1549 1625
489 1388
1102 1981
2434 2836
520 659
1909 3155
164 850
206 397
752 3001
1557 3215
270 1508
1603 3347
810 2430
1690 3373
1269 2839
478 1548
1414 3263
663 730
281 1154
849 1532
763 2238
2605 2820
2464 2727
1920 1928
1793 3218
845 3187
968 3589
1027 3225
905 2724
141 631
2340 3536
1942 3443
3209 3336
2366 3313
537 2436
938 2347
2268 2544
158 1979
1289 2795
914 3021
1073 3489
1203 3035
1419 2941
1104 2196
348 3394
2002 3367
2622 3178
215 2735
58 1179
33 2355
999 1483
1192 1775
1447 1528
373 2894
303 2187
1055 1856
2552 2837
2681 3082
1627 2401
1094 3426
472 1980
2448 2774
796 1001
668 693
897 3572
1874 3294
965 1125
169 1850
540 2555
490 510
3040 3323
300 1180
343 845
336 1336
2279 3506
1271 2486
1426 3086
1696 2917
453 1213
166 1417
449 3630
74 125
359 1776
53 1763
111 234
5 525
224 1380
255 1069
1201 1479
1712 2065
599 2947
467 3111
2187 2313
1802 2722
920 1691
1846 3091
2002 2487
804 3586
2682 2772
441 910
1731 3130
1534 1886
623 900
1913 2616
473 1156
2641 2723
1056 1906
1359 3329
509 1501
1022 3410
507 3564
1646 1797
2011 2489
2626 2746
3027 3621
134 1442
1586 3285
2274 2910
1141 2115
81 1011
776 3069
288 2492
767 1350
1255 3087
174 2800
27 2344
1578 1685
342 2012
962 1836
364 1413
1013 2789
63 672
322 3243
1697 2824
1215 1338
1475 1857
258 1800
1674 3149
1918 2345
1682 2991
14 1649
598 1311
1142 3409
1721 1816
153 2207
292 1794
2622 3315
199 1965
1635 2356
1691 2036
947 2946
1729 2922
996 3134
1633 2647
1352 1574
738 1812
1205 1252
895 2831
26 3003
160 2720
3318 3547
917 2682
38 3287
1003 3408
1976 3639
240 1897
1052 1388
380 2966
1856 2215
1024 1706
1932 3412
1189 1766
936 2050
1350 3150
2902 3463
2459 2711
2548 3214
170 1211
1348 2911
1055 2261
1449 2963
425 1995
487 3003
967 1885
515 1768
1888 2762
1121 2873
1699 2444
1604 3447
2480 2535
974 1011
2289 2690
2075 2286
471 3478
2392 3460
2346 3535
822 3280
2881 3087
663 1019
1958 1960
371 3071
198 3599
801 2332
390 1588
1059 3036
1961 2424
37 3064
677 3332
1939 2206
2923 3614
1445 1556
376 746
1408 2767
1272 3483
119 3396
1259 2214
1914 2173
20 3101
1480 2305
642 2552
2814 2998
3019 3635
1295 3235
467 1310
493 2013
1206 1266
36 903
1858 3255
1704 2053
1364 3561
1874 1923
1628 2361
1195 3039
185 666
1993 3407
3009 3442
1605 2594
1473 3469
861 2505
1799 2901
1044 2408
573 3542
1692 1974
1530 1946
2170 2610
289 3243
1048 1277
1516 2831
1887 3418
202 2826
209 1134
1562 2054
405 1565
219 2038
2219 2832
3503 3630
202 1963
1534 3044
973 2128
54 1167
2028 2259
1532 2987
20 1329
444 2140
2443 3314
176 2147
1899 2206
543 2753
886 1986
2281 2542
430 665
950 2781
522 1099
1223 2024
1515 2151
1547 2178
584 2073
3157 3225
222 2660
962 3544
792 3296
1692 2855
1535 2108
554 2493
1211 2345
38 1163
1000 1245
867 1839
3095 3259
1062 1886
1102 1771
683 2739
431 2431
713 2565
1318 1868
1567 1799
723 2935
94 912
1368 2823
1945 2852
478 2462
2885 3605
36 839
1651 2846
2069 2521
925 2644
220 1719
2999 3632
455 1895
1765 2017
41 559
1241 3238
1537 2257
1336 2226
2583 2916
2282 2301
1697 2394
617 2522
1101 1929
1330 3494
180 314
800 1788
484 870
2083 2189
2046 2388
1985 3153
74 2445
2661 2862
1662 2337
1517 2626
1114 3243
2533 3622
200 1242
2265 2490
600 936
1072 2592
131 3049
2872 3102
13 1608
532 984
610 1242
347 2368
1619 3508
1188 2828
2846 3231
3576 3639
97 1204
789 2646
700 1140
970 2371
860 2202
44 2765
527 1631
132 3348
526 854
579 3211
175 740
1085 1475
1711 2334
1926 2124
1044 1202
427 640
2940 2959
611 1837
2238 3633
864 1892
539 1835
1385 3466
921 1921
1720 3286
15 3341
1523 3389
1282 2556
295 3588
1352 2373
90 3344
820 2476
1227 2171
1326 2899
1496 2201
349 917
1806 3344
1416 1633
2349 3460
292 3055
2549 2633
375 2528
2270 3400
835 1615
1541 3586
908 1416
82 595
756 2054
466 2036
1873 3174
1834 3380
846 1387
429 2433
2099 3637
2651 3577
2618 3222
1404 1626
487 3135
252 1071
466 1691
349 2772
1422 1459
1122 2286
691 2637
1478 3357
1636 2296
1941 2309
967 3364
1995 3605
1521 2316
1213 1553
1302 1356
3111 3610
3106 3391
1795 2918
1707 2150
1574 2373
612 1237
2854 3348
72 1291
133 923
1624 3454
1101 1351
163 418
2992 3435
774 1524
2641 2761
2693 2773
535 2714
1956 2891
280 1637
2270 3220
71 1224
1120 1412
95 1045
403 3590
379 3497
290 1926
1987 2246
2495 3397
1836 3544
1222 1423
1275 3342
301 2671
888 3100
1088 2255
65 383
1111 3373
1554 2777
1567 3261
2708 3475
206 1058
160 2681
437 3438
1154 1465
1585 2526
514 3376
434 2574
1379 2944
1181 1720
461 2710
363 945
1127 3163
999 3193
313 1126
1645 1831
650 2320
213 1402
112 2231
541 1830
2282 2894
722 3211
1805 3369
358 2399
1646 3326
2439 3108
1750 2422
106 2359
606 2209
812 1528
408 846
283 2282
1145 2843
1369 2043
2842 3382
1147 2566
657 1957
3196 3361
574 2340
2669 3321
1026 1889
664 2954
1133 1891
2470 3552
2300 3365
1818 3464
611 2104
995 2470
826 3520
756 782
2738 2923
2182 3383
668 3120
375 2812
1207 1282
743 757
1292 3471
1657 2342
676 3447
731 3199
1161 3153
3325 3535
1806 2624
339 1765
2363 2545
1190 1600
602 3617
1634 2451
730 1019
843 1685
1573 2763
2217 2336
986 1894
1348 3248
276 2921
2421 2702
1050 2858
3083 3237
2154 3421
2028 2880
1500 3606
1859 3224
2251 2497
904 2574
1411 3481
1761 2768
251 1563
652 3018
584 2850
96 3017
2000 2389
1780 3334
1123 3372
1252 2430
1851 1865
1919 2494
512 3620
1651 2755
1010 1311
392 2204
383 535
93 3143
1799 3261
736 1152
3001 3197
2330 3092
475 839
237 2149
31 1376
62 2441
959 2441
2214 2298
1395 1925
1950 2436
2368 2554
77 168
615 1695
1453 2587
2134 2948
1339 2307
709 1044
1257 2477
572 3519
656 2660
615 3488
48 201
3339 3381
107 191
635 2750
811 823
678 732
1660 2720
836 2520
645 738
2817 2917
1778 2546
150 3581
1770 3281
829 3194
15 1426
1283 2101
679 2144
2269 2488
515 3551
1397 3132
1224 2397
1210 3476
237 264
491 660
914 1973
2153 2713
1077 3145
192 1821
2380 3637
1066 3629
1559 3640
3364 3428
2989 3118
881 3308
2104 2364
542 1314
1769 2233
1671 3624
143 1034
892 3348
1411 3572
723 3084
1951 2634
40 3592
458 2477
942 1658
2613 3554
2502 3179
620 2463
2232 3472
1511 2517
2609 2927
2331 2713
728 3327
2285 2824
1636 1789
514 1902
602 1375
3134 3470
85 2189
1893 2522
3296 3448
1735 2645
2077 3171
75 795
1400 2840
276 3384
552 2020
1062 1534
2450 2617
651 2668
909 2089
387 481
1729 2865
652 3589
1070 2777
2365 2988
4 1495
32 2754
670 2728
1093 1582
1016 1124
2404 3575
279 1731
32 2939
1294 3390
2332 2746
19 68
418 2378
415 824
982 1376
572 3596
213 3383
297 1926
1092 3347
129 1262
2546 3374
2113 2253
1673 2151
1177 2382
2657 3350
1072 3327
440 2787
840 1213
1378 1782
154 3516
2466 2638
1814 3290
178 1065
1739 2037
1305 2061
1937 2567
1471 2663
1545 1878
2162 3161
397 465
256 2559
2281 3100
196 1702
2676 3411
862 1849
992 1965
502 3213
128 918
2374 3051
188 1842
720 1457
398 3414
231 838
260 432
1754 2562
45 990
1476 2549
2002 2425
2696 3184
123 3567
1907 3056
1605 3292
429 2325
3050 3449
590 2158
2740 3371
2272 2652
1632 2740
1321 3286
790 2226
2561 3421
416 1545
37 2141
2229 3445
903 952
1829 3166
1540 3219
322 1114
1593 1711
1367 1752
655 992
1191 1598
788 2265
1449 2830
2558 2604
641 2840
1845 2698
105 1197
309 1012
2825 3417
236 1984
365 3148
1165 3417
2027 3139
2799 3422
784 797
442 2387
1925 2469
1103 1422
469 1290
2221 2829
1749 1764
240 2965
123 3268
2259 2880
2203 3450
953 1776
604 3625
1448 1756
1895 3168
2198 3272
990 1229
1505 1714
1636 3446
2252 2606
458 1257
1169 1611
2801 3473
2260 3508
1592 1876
2850 2995
507 1040
119 2748
35 2737
114 1139
2479 2924
252 2651
1876 3282
938 2813
1714 2196
435 2807
506 3237
1316 2439
57 2942
1859 2429
127 2647
350 2934
2392 2685
2984 3569
649 1176
7 660
786 869
170 1918
621 2845
973 3388
364 372
311 1268
263 1069
1277 2119
390 2563
1709 3513
1692 1754
2425 3367
1712 2071
1802 2943
430 2256
505 1518
2129 2461
729 892
1422 2272
8 286
71 2397
1 197
49 3557
2481 2574
1418 2324
1697 3207
1934 3447
526 1464
347 2554
1958 3233
1298 3263
1340 2698
1904 1939
1508 1665
667 3389
938 1581
160 3082
485 3079
332 713
146 2179
619 622
822 2220
1353 2191
2453 2546
822 2684
2018 3081
1661 3170
849 3128
2246 2877
285 2762
2550 3455
1657 3513
1658 1807
2796 3253
2395 2635
1039 2540
2202 2467
104 1117
637 2258
78 858
2905 3073
2400 3251
2178 2248
2492 3299
361 809
2680 2828
2059 2718
1540 2393
709 1202
500 1872
2325 2915
2475 3080
3004 3167
1857 2888
2662 3582
2579 2794
940 3501
2518 3507
2434 3363
979 2129
1214 2247
1429 2283
882 2098
226 505
346 1535
1717 3417
3271 3458
365 969
176 316
2675 3368
1736 3419
2974 3257
352 1302
2031 3185
795 2254
61 2636
2403 2447
2125 2934
511 2789
2150 3440
2409 3587
172 2340
1946 2847
2581 2641
2360 3204
1315 1677
1137 3424
2178 2666
1748 2602
2595 3468
411 1964
308 3546
32 361
1321 1482
2149 2776
285 3634
886 3573
1569 2882
2186 2869
2362 3298
1250 2929
1957 3382
2641 3526
918 2471
1705 1728
2755 3088
86 1654
1987 2877
1527 2338
206 2241
2289 2515
1050 1093
1317 2341
1235 1561
1184 3620
1761 3418
1189 3351
2253 2804
51 1641
510 558
2603 3010
957 3278
981 1600
448 793
690 3515
117 3020
1110 1858
1283 2866
204 754
3112 3125
1249 3491
1337 2122
909 2040
1462 2058
2086 3563
436 755
2102 2319
89 1054
831 2117
1079 1769
2880 3096
304 1729
1198 1820
1207 1496
1042 1055
1981 3336
669 1458
2151 3504
1025 2116
456 3003
1355 1867
2824 3207
357 2315
1028 1855
264 2511
1616 3276
1063 2378
181 1379
2941 3602
2424 3430
871 1629
1995 2885
2758 3127
256 2604
117 379
411 2249
1712 2273
1419 1700
346 1200
154 1286
1514 1790
936 1722
879 2610
614 3494
15 3086
1943 2379
1258 2154
1263 2666
2674 3609
1628 3405
2618 3116
57 2024
857 1040
1372 2376
152 1814
268 2823
1345 1611
1354 2217
1624 3279
642 2642
492 3089
958 1912
1053 2924
44 3270
413 689
2204 3250
153 1784
633 1827
2233 3012
519 3313
1669 3022
2680 3594
751 2550
1787 1859
2729 3599
2167 3324
1548 2462
2547 3462
1906 2968
575 993
1886 3044
1723 2243
634 1124
878 3465
1143 3401
335 631
1497 3421
1332 2568
493 501
1183 2202
2180 2897
1001 3075
400 1539
42 2384
1556 3553
639 1892
320 1689
724 3372
722 2284
845 3350
656 1239
288 3061
121 2231
321 889
320 2350
1300 3486
1226 1811
1042 2261
1139 1489
1590 2646
386 482
1497 2154
661 885
241 2371
926 2279
1801 2015
2360 3015
260 2081
1281 3247
299 1576
1085 1857
1283 2705
472 3392
2783 3091
18 3143
1861 2987
1033 3132
124 2840
1104 2228
2195 3184
481 1166
652 1107
3092 3490
1640 2584
2910 3262
73 477
122 2062
428 1383
499 3201
75 2254
1433 1653
769 1371
1769 3395
295 550
895 1516
2045 3415
865 3529
2868 2947
589 941
182 591
3020 3497
472 3511
2804 3429
265 558
60 2630
1541 3541
490 759
245 573
2260 3500
849 1861
1146 2136
2087 2736
1138 2575
556 2502
884 3067
3220 3400
1134 1420
306 1419
150 2742
910 1409
388 2297
229 262
1580 2303
1649 2920
2828 3594
1157 2300
190 1009
142 2131
189 1566
1053 2479
1424 1648
2762 3634
220 1854
1061 1605
2432 2912
372 1801
2935 3084
1147 1745
613 1332
725 1860
1118 1182
1046 1742
685 1002
673 1573
921 2744
267 1907
1371 2788
1985 2730
1179 2964
604 1253
635 695
2007 2851
2540 3525
1897 2578
2972 3330
138 1295
2770 3352
1666 2832
2097 2710
2107 3083
190 1558
1643 1967
769 931
2173 2512
8 2262
592 717
210 3319
776 2533
3090 3418
793 2703
1307 3293
1565 3361
740 3116
1859 2953
79 1244
1384 1972
637 2208
1263 2248
1274 3199
161 2724
1627 2377
1855 3319
289 322
2693 3368
789 2457
2659 3192
2252 2802
1275 3451
63 1966
64 3204
2572 3274
76 3141
2490 3026
921 1631
416 2586
1405 3442
1137 3320
539 2017
24 2667
582 3495
2295 3424
1524 2422
2176 2871
304 2865
1989 3158
1078 3407
244 2133
1439 1918
267 3074
1015 1658
1346 2283
1778 2426
887 3295
1486 3312
665 2256
279 3130
1343 3377
1875 1933
810 1252
1593 1813
2538 3138
1296 3049
2804 3023
2979 3505
869 3120
2151 2932
1094 3533
662 3619
140 1877
928 1186
1828 2950
3003 3135
277 2926
2773 3368
89 661
2424 3587
2491 2964
1346 1920
1178 3138
604 1774
2222 3548
1754 2855
1877 2352
205 378
258 3247
27 1000
675 2088
328 1522
2229 2962
657 3570
185 536
443 2168
113 1118
3000 3623
25 1663
974 3221
878 1793
496 3510
2752 3381
1865 2952
2067 2898
854 1151
2956 3427
1001 1096
1660 3082
932 3593
1407 2780
284 1522
259 2627
2190 2406
1361 2888
1085 2888
893 2528
133 3585
2601 3158
2627 2719
2180 2921
636 2217
1436 1736
1433 1953
2373 3027
529 2134
1296 2120
1108 1443
321 1174
1395 2110
1138 2584
1983 2711
3288 3487
117 3497
1232 3561
1775 2299
2016 2158
1644 1812
631 856
445 3283
864 1546
832 2181
1767 2809
802 3178
1405 2197
3136 3256
2478 3089
549 1645
2404 3065
6 2707
1805 1869
2054 3068
1232 1880
440 1145
821 1614
1451 3065
120 2096
2760 3354
161 1833
1406 2802
1166 2906
613 1506
2071 3485
1741 3238
647 1638
1609 2526
1065 1542
274 1501
70 2679
2606 2802
737 1588
1225 1702
2071 2273
2701 3058
1550 2788
1980 3392
991 1438
1236 1369
2298 2315
1066 3041
1853 2021
819 2623
13 2442
1949 2778
332 2343
474 1164
707 2726
1161 1985
462 1197
1932 2294
1903 2600
137 1583
1601 1759
620 2979
1129 2700
1352 3621
1306 2339
1510 1952
675 1237
2463 2979
28 2218
200 2889
2396 3195
1719 2001
1607 2275
830 1152
151 1255
868 3522
2560 3167
1752 3109
138 2268
520 1947
1263 2178
2648 3369
534 2505
2547 3230
2429 2953
2644 3305
1521 3164
2765 3270
1587 2323
1722 2050
1890 3155
965 3039
304 2922
885 1054
1301 2307
1906 2833
2123 3439
2630 3413
2318 3115
1041 1982
495 3595
3145 3188
2105 2455
888 2827
1561 3127
302 1285
1057 1471
1511 3550
389 866
2488 2671
993 1727
177 1366
3072 3411
546 2853
857 3564
275 2505
3331 3527
1417 3601
1490 2410
1429 1920
461 1381
2601 2892
388 715
919 2672
1733 1977
229 784
157 2822
243 1794
2686 2969
1763 3169
423 2405
1868 3094
417 710
1451 2404
1671 3467
1379 1670
3320 3356
2094 2962
1221 2658
410 3480
2236 2778
848 2963
980 2450
272 2850
401 2190
268 2874
1445 3553
693 786
1380 2092
166 3103
2822 3079
1083 3529
1096 3113
1189 3335
1769 3012
1583 3415
2829 3278
917 2772
165 1557
3066 3143
599 1399
1106 2374
2220 3280
418 1063
81 3221
3166 3287
1168 2490
1310 3610
944 2421
207 1843
870 2782
2732 3323
553 990
1254 2130
376 2740
624 3412
186 2958
172 1004
576 2411
949 2706
136 299
2334 2887
1618 2126
2074 3567
755 1143
370 1896
594 3172
170 1439
1304 2616
1470 2161
907 2159
1149 1794
399 1463
696 2139
2689 2836
506 3083
2834 3102
2528 2812
1472 2928
2931 3256
767 2115
2114 3563
877 1073
305 1612
1761 1887
533 2632
197 1723
836 3370
3095 3097
863 2018
2694 3001
1537 3058
728 2592
2350 2363
567 1936
822 1460
135 2344
929 2607
2582 2917
2517 3142
1652 2815
9 692
2671 2712
693 3120
1375 3311
1958 3307
146 354
890 2385
55 803
172 3536
679 2501
752 3197
1759 2704
1047 1502
2128 3388
503 1533
781 3249
97 2449
154 1659
1922 2599
2973 3573
672 2966
149 3347
3132 3562
1743 2026
3008 3245
658 3130
775 1695
190 3037
2433 2745
291 1446
654 3046
1048 2119
2171 2821
961 3308
141 1036
1869 2648
1657 1709
996 3470
1713 1883
1738 2719
3142 3550
354 2179
284 328
681 3483
393 3569
701 2796
2326 2907
1184 1596
1495 3270
57 344
1064 2574
364 2015
67 3629
986 2194
2157 3007
337 3097
1229 3343
540 2186
62 333
1949 2867
1811 2070
2802 3014
360 1905
1963 2826
1908 2062
151 2881
2902 3162
1467 2356
1568 1770
346 2108
846 3521
2064 3619
2264 3300
1122 2075
178 1542
911 1641
1345 2809
330 1074
771 2010
298 3519
801 2626
2730 3153
284 409
211 422
994 1798
957 1162
1679 2961
575 1434
157 485
990 3343
1007 1940
656 3024
684 1621
93 3066
1473 2639
2457 2646
14 2277
754 1591
1324 2398
2027 2876
571 978
1935 2066
767 1141
1023 2413
2932 3504
358 1297
1446 3543
1199 1325
1701 2279
269 2364
736 1370
579 722
1520 2950
560 2037
446 1784
2335 2354
3206 3264
2413 3607
3030 3518
1172 3117
1427 3330
407 568
313 3085
42 2928
1809 2799
768 1030
741 3380
250 3268
238 1051
334 882
360 3274
405 3196
2204 3275
592 1745
30 1703
1952 3085
11 308
977 1394
1743 2484
895 2090
1846 2783
272 584
162 2059
2317 2369
1243 2338
1743 3172
1341 2278
539 1765
922 3223
707 1683
1488 3537
1299 3240
235 3244
2602 3073
459 2926
1246 1889
282 1255
178 2879
2062 3229
2756 3569
3019 3492
1602 2400
648 2849
2078 2519
1726 2615
2311 3288
1694 3386
1275 1444
2352 3450
1270 1672
2428 2978
2048 3622
75 2589
444 486
80 3402
74 218
937 2391
337 3095
119 609
2753 2989
1592 3316
739 2223
483 1430
721 1803
389 2844
1740 2503
228 612
10 382
516 1486
122 1908
2749 3512
1922 2783
843 2806
2236 2867
2256 3593
2688 3571
394 603
2594 3292
1403 1727
76 168
2314 3067
2347 2976
867 2169
370 1398
3153 3549
1171 2573
2792 3203
1077 1531
2975 3634
1951 2040
1580 2234
438 3229
2127 2244
1347 3033
552 638
769 2788
144 1347
1026 2893
3205 3520
3136 3303
230 2250
829 2785
2081 3461
1355 1971
380 1966
995 3057
142 1557
751 3455
2438 3479
833 1314
3061 3299
312 400
690 2366
400 2570
2118 2825
117 2513
1566 3441
2440 2664
2931 3136
204 2982
2749 3584
492 1994
2366 3515
1384 3470
818 1936
714 2949
2321 2388
760 3221
1262 1742
2695 3386
1230 3067
796 1096
1280 2247
2450 2640
437 1970
2743 2786
283 373
194 1821
1180 1693
1426 1512
2605 3038
477 3249
2760 3031
1881 3640
1659 3516
317 1039
77 2629
884 2314
999 1333
890 2386
1930 2136
2732 3040
384 568
2861 3381
1460 2684
399 891
954 3524
1194 3408
2132 2446
771 2643
820 2509
451 1358
2031 2495
1038 3004
1653 1953
1324 3252
517 1288
3028 3220
2409 3430
137 3425
314 3106
1913 2326
1601 3600
1328 3639
1610 3599
523 2083
2085 3131
1248 2110
1121 2452
2213 2728
28 3582
1341 2292
735 2900
101 2270
1715 2176
1177 1313
2402 3625
1970 3076
29 1312
1639 2069
1208 1347
2212 2262
2414 2965
239 3505
1688 3053
215 603
1146 1930
2198 2725
388 1068
2052 3266
1578 2790
991 1968
219 1269
1458 3123
1401 3173
1705 2591
1408 3598
1386 2764
596 1945
1964 2249
1233 2554
497 3353
1207 2201
1840 2636
99 3325
940 2304
651 3254
1094 3628
2227 2677
1188 2680
537 3063
1007 1710
166 3601
634 1016
2208 2258
141 856
506 2107
2103 2961
565 1553
439 1869
1396 3072
202 1086
1740 3077
1306 1597
2465 3603
1006 1402
1061 3366
853 1718
1717 2825
1469 3129
3216 3467
788 3026
1118 1860
1617 2685
949 2288
1286 3516
1970 3438
2127 2751
934 1648
98 1243
2008 2362
1358 1425
1436 2587
1160 2715
76 77
2060 2721
614 3060
222 3024
1730 2471
3514 3569
806 1339
287 3294
181 2944
1619 3500
547 1357
1491 2407
1415 3373
1806 3433
33 3436
2354 3152
870 1081
2087 2999
2592 3539
40 1498
1270 1773
885 2596
457 3300
2377 3338
1042 2215
1662 2890
751 1158
601 1779
981 1755
1247 3519
328 409
721 827
1241 1741
2588 2884
311 2911
1389 2004
2389 3159
1116 1463
78 1984
2491 2808
1810 3148
320 2363
113 1182
1078 1901
1128 2455
1410 2810
1459 2272
22 2930
2576 3472
1724 2990
380 672
624 2692
517 2698
2302 2791
1448 1816
2026 3172
726 1133
600 924
1809 3422
2284 3211
123 2074
1694 2695
729 3348
1162 3278
3178 3291
1270 2857
1824 3476
1188 3594
191 743
1989 2601
1050 1786
1382 1984
227 1470
764 1484
12 1437
360 2572
1881 2222
2057 2700
2355 3436
3099 3180
1602 3251
794 3311
455 3168
924 2050
1866 3499
475 952
211 2098
59 2770
494 563
1882 2961
933 2996
635 3495
1165 2825
463 2625
2356 3297
480 1812
783 1377
1502 3476
620 3505
2453 3374
415 2998
2780 3614
1353 2980
1753 3044
2649 3581
171 1982
969 2986
1159 1214
1141 1350
1330 1783
1127 1650
403 3379
385 942
340 1873
151 282
715 3177
225 3025
1832 3591
847 3104
588 2379
745 1173
1351 1667
254 2767
1135 2981
746 3371
935 1757
2061 2653
1341 2590
471 1292
1116 2079
114 3048
194 945
460 696
3190 3303
1914 3265
24 524
1409 2967
862 2935
1623 1866
10 2847
242 2185
1363 2837
2891 3208
1415 2529
333 2441
1170 3411
338 1917
2312 2502
512 1184
3223 3377
909 2634
463 3615
1029 2957
1810 2986
1401 3212
802 2622
1950 2353
852 1848
668 786
1634 2138
86 2580
377 2933
2381 2549
557 1256
663 3191
1476 1555
457 2264
1026 1246
578 2126
3380 3554
118 687
422 882
1823 2023
228 2088
1752 1933
1900 3468
223 2479
1108 1115
863 3532
267 3056
1308 1734
248 1481
170 2345
1171 2699
1481 2121
91 3466
325 664
1533 2537
1067 1552
1128 2504
2101 2775
2285 3207
721 1273
1558 3037
285 2975
1067 3619
1513 3533
3389 3432
1546 1892
3426 3533
1080 2691
1121 2306
305 2417
1911 3304
1222 1454
2106 2956
2520 3627
3168 3340
659 718
1113 1427
1123 2148
697 1450
1265 1936
354 1024
840 1553
1065 1577
702 1937
806 1301
1632 3371
1359 1514
339 539
1813 2334
1503 3609
837 3406
362 3590
3059 3318
1580 2324
1725 2314
783 1327
1410 1937
2360 2903
317 1267
1693 1898
873 2189
2688 2791
116 556
486 2650
818 1265
2897 2921
3042 3273
360 2199
779 1132
127 908
331 1174
590 1234
60 3413
1416 2647
2095 2895
2057 3301
981 2683
742 2857
2225 3230
2316 3164
213 1006
2184 2697
1037 2212
1683 2068
130 3149
1630 3358
1491 3631
1760 2796
1073 1294
272 2073
789 2293
295 351
1484 2678
1439 2345
1462 2410
1384 3134
714 1977
2468 2993
1086 2826
1892 1955
729 2854
246 3562
1413 1801
1763 2860
1185 2518
1110 3255
261 426
2398 3252
1188 2328
1284 1508
553 1229
815 896
118 2348
2871 3025
737 2563
799 2450
1931 2637
2832 3616
774 1750
232 2198
1630 2914
939 3154
960 1130
2059 3198
841 2147
1675 3031
78 1382
1075 3212
1504 2137
755 1996
2302 3571
2435 2779
203 2753
2221 3278
1928 2283
84 378
1711 2887
206 465
879 2936
455 583
415 2814
657 3382
1709 2342
173 3414
780 1779
547 617
1647 2168
2759 3398
851 1822
762 3629
347 1233
2046 2250
923 2167
1098 1576
2211 3490
1269 3566
704 2080
221 1917
395 1584
415 1217
715 1068
1478 2100
1276 2927
75 1687
1477 2635
1498 3592
246 1033
1220 2772
100 2218
2173 3265
1204 1967
1394 2872
504 2284
83 2033
1317 3633
152 179
1391 1649
618 3329
823 1176
1145 2787
720 2369
1297 1713
2752 3339
1822 2009
2137 2960
323 1101
2908 3029
540 2797
2705 2866
156 1030
3540 3574
1421 2035
1189 3636
2316 2988
124 1400
1201 2077
414 2439
2153 3496
1186 1433
2091 2843
1279 2538
1370 2541
308 2691
1487 2724
2291 2385
2210 3506
2370 3461
1222 2085
1866 3612
626 1205
2452 2873
106 1374
389 899
1059 1851
353 2416
960 3405
1684 2276
1509 2033
257 1548
956 1784
153 446
51 911
3533 3628
54 2168
285 1888
81 760
3393 3420
1969 2333
1719 1854
2689 3363
461 1455
276 2897
778 2145
790 2458
7 3129
791 972
523 2189
568 748
824 1217
2805 2807
1941 2009
1616 2443
2025 3001
148 1360
531 3637
1374 3583
87 2181
392 3275
686 2232
183 1519
891 1463
106 3583
1988 3226
65 535
2225 3462
797 2793
1649 2277
1507 1556
157 699
2615 2914
89 2596
2294 2692
1373 3050
529 2948
703 3528
2823 2864
711 3580
1744 2899
1393 3115
2063 2861
2373 3621
1840 2499
1567 2577
2883 3475
666 3098
1474 1969
807 1858
313 1510
1519 2938
521 1563
2387 3431
1372 3523
2156 2372
1109 2193
2326 2616
1295 2544
1538 1693
68 3579
1468 2717
476 3007
72 2769
2878 2972
155 341
2086 2628
824 2998
1109 1177
1826 2816
17 2021
90 2624
646 3493
2289 2391
1244 3565
2761 3526
2082 2133
803 1276
2700 3210
2159 3416
858 1984
828 3144
1243 1527
2418 3021
128 2598
1108 1456
1620 3452
329 2465
2362 3176
109 3037
521 3151
1106 3051
270 1665
837 896
1099 3125
2415 2900
567 818
1599 2841
2769 2951
1430 2595
2480 2734
2411 2971
494 1122
3076 3438
1549 2155
894 3115
1082 1533
2713 3604
24 3213
396 2908
662 2064
2983 3399
1068 2297
98 1527
1675 3354
932 2256
1100 1151
935 3236
1441 1814
838 2021
1480 3584
530 3459
1334 1703
411 3107
2557 3279
2582 2817
3496 3604
2060 2486
2726 3375
88 3185
1905 2199
43 261
1154 3093
1591 3045
534 861
1546 1955
625 1293
2617 2640
1748 3073
3324 3585
2084 2274
1398 2019
173 398
2922 3246
33 3144
53 2784
2010 3493
258 2977
2048 2533
547 1893
2074 3268
6 2188
1453 1736
1977 2949
307 2480
951 2012
410 2661
104 1945
2579 2644
198 1032
70 1432
211 334
507 3638
2234 2324
606 1998
570 1244
2957 3443
1003 1193
1490 2058
393 2984
69 3601
433 3138
2525 3521
848 975
963 2504
734 954
1870 2859
265 510
1758 3347
528 1056
198 2729
1177 2193
1589 1696
354 1706
561 2699
2232 2329
605 718
2011 3155
46 3217
698 1899
2741 3442
2214 2315
944 2702
2032 2401
412 1114
1057 2663
1676 3306
1978 2313
235 643
971 1344
1451 3575
3205 3385
2094 2655
3216 3624
2244 2751
1825 2431
911 1049
928 1433
1519 2022
555 1108
991 2916
1520 2779
275 534
139 3244
1468 1737
3332 3507
1598 1991
1333 2135
1621 3064
3370 3627
2552 2642
1794 3055
601 2102
1140 2909
310 2395
1440 3333
817 1896
1165 1717
758 1385
2465 3147
309 1045
148 2446
2026 2484
1268 2911
1299 2500
159 2403
2706 2757
1284 1665
804 1541
1948 3259
1493 3299
1680 2307
1944 2714
410 581
1988 3498
1729 3246
114 2656
2795 2807
21 1854
878 3218
577 2764
394 2735
96 1091
79 570
174 1997
11 1080
39 2447
947 2884
3233 3307
226 1518
1425 3518
1379 1572
198 1610
1165 2118
39 2403
923 3585
1169 1345
629 1195
783 1218
3054 3294
1076 2198
512 671
1160 3414
1334 1872
651 3355
243 1149
5 3225
1075 1401
195 823
116 2502
82 2777
2524 3473
2548 3170
379 3020
420 3249
2536 3275
711 2670
105 3133
1388 3331
2306 3181
765 947
1373 1749
1277 2230
470 2171
172 574
1592 3282
1286 1659
1390 1789
1154 2506
1304 1913
1413 2015
753 2431
2811 3237
343 2657
1502 1824
67 1066
2663 2737
1307 1655
902 2957
1791 2550
1309 1324
805 1063
1570 3387
1347 2733
1242 2889
2080 3266
757 2531
2247 3002
638 2516
239 2979
569 2695
454 1344
324 2333
2105 2504
705 2240
2351 3006
1455 2097
1251 1478
1030 2781
511 1642
2859 3579
247 2621
2426 3374
503 2537
223 1053
1919 3453
3059 3547
216 3444
2840 3437
362 1747
3187 3350
1506 2568
742 1672
1593 2887
639 1955
1664 3465
1238 2996
1486 3124
486 1005
421 1424
40 2551
788 2490
2280 3293
726 1891
680 1998
593 2600
508 664
421 1648
36 952
2438 3034
1650 2174
2140 2650
1696 2582
1054 2596
723 862
235 1228
2581 2761
920 1716
2624 3433
609 2997
1429 1928
1258 3421
1864 2649
121 273
1565 3196
436 1996
834 2014
2519 3555
144 3033
125 1838
571 2266
2736 3632
1796 1840
445 1051
131 1847
2411 3267
2078 3537
2372 2593
433 2538
1287 1360
1281 1800
407 748
1630 1726
1539 3378
363 1821
193 1462
2407 3631
2919 3448
1476 2633
1494 3077
99 2346
3104 3234
1756 2612
169 2659
504 722
2892 3158
1038 2560
2865 2922
1714 2228
1566 2527
429 2745
381 2211
762 3041
2232 2576
1785 3175
376 1632
2736 2999
2089 2634
2405 3013
1331 1337
673 2763
1466 3251
988 2573
852 2290
617 1893
6 3200
778 1338
1302 3349
3112 3183
897 3481
833 1804
2174 3163
3335 3351
1895 3340
54 443
703 2564
2165 2653
2042 2638
943 2503
18 3066
133 3324
3309 3557
2081 2370
1571 2526
1684 2510
2785 3310
1766 3636
1512 3086
311 3248
616 1324
911 1708
1426 3341
842 1798
979 2461
482 1798
1101 1667
1169 1767
327 1556
59 280
1905 3274
302 2130
648 1615
496 2454
307 404
690 3313
23 1723
39 2530
985 3483
915 3516
590 1209
163 805
864 1955
384 748
1244 2003
2478 3122
2199 3274
208 3194
677 2518
1333 3193
1873 3491
1563 3151
618 1514
229 797
288 1493
3402 3420
361 2939
1148 2672
1669 1979
234 1083
2412 3630
323 1667
590 2016
1681 3106
252 3577
2853 3345
815 2611
681 1272
684 2141
527 1921
1360 2446
3201 3302
1107 3589
353 2287
2195 2696
1020 1022
1081 3269
2022 2146
610 2889
901 1273
1360 2132
3005 3556
253 1997
1090 1832
872 1919
2200 3307
3564 3638
876 2122
764 2472
1668 3552
693 869
2524 3010
1867 1971
3346 3413
2218 3582
1706 2179
112 3160
505 779
1012 1045
368 1034
1389 2774
338 766
2899 3534
581 3480
1361 1857
143 368
735 1320
1622 1934
2156 2631
585 1034
2484 3172
34 1153
51 1708
1504 1785
297 2124
2061 3032
844 2418
187 972
2252 3014
1303 2380
1418 2303
364 1801
501 2766
81 974
1461 1477
2391 2690
2166 3167
2316 2365
293 2778
1374 2271
315 720
102 2523
1617 2349
941 1446
1219 1385
2696 2978
931 1371
2045 3425
566 2467
1973 2418
1084 1435
396 3029
314 3391
240 2578
1211 1918
1043 2106
562 1710
140 2203
266 2559
502 524
452 1852
1038 2166
1033 1397
1654 2608
2642 2837
1032 3599
1141 3150
1969 3578
1629 3203
387 2041
390 737
739 2407
1087 2844
1085 1361
623 1540
1349 3420
993 1403
824 2814
1175 3612
1900 2595
283 2301
2836 3363
1435 1686
145 261
545 1191
564 1003
5 3157
1978 2507
817 2019
906 2084
576 2971
31 821
366 2108
1575 3541
2213 3137
2918 3016
141 335
2514 3127
1198 3591
408 2525
573 2569
1839 2169
101 3400
1142 1329
1340 1845
126 831
677 1185
1212 2148
673 1173
578 2929
2216 3226
905 1487
130 621
245 2553
125 2445
2264 2727
115 1738
3081 3532
2 2421
1048 2230
2346 3558
450 554
131 1296
171 3011
417 1306
87 1594
1399 2868
1738 2627
381 3490
1587 3019
3337 3520
2255 3334
929 1355
939 1325
2200 3233
772 1365
3031 3354
263 706
29 2451
727 2371
1560 2993
1652 2128
576 3267
553 3343
347 2051
1850 3192
1607 1638
1423 3131
36 475
2331 3604
420 477
1779 2319
428 2056
55 1276
136 1576
1295 2268
1834 2613
658 1187
1095 1585
591 1956
1736 2587
846 2525
217 545
2768 3090
1698 1852
697 2005
167 867
173 1160
545 1598
647 2275
1044 3531
223 2924
444 2650
68 1870
1427 2972
1670 2944
2532 3572
339 1835
747 2585
1523 3432
520 605
69 3103
262 784
1103 2272
518 2943
2068 3375
813 3137
1264 3595
1915 2227
559 983
543 3118
1157 3365
296 3288
345 1826
2498 2679
2076 2358
1992 2242
630 1885
2864 2874
34 1935
1545 2586
2172 3464
1392 2747
1271 3597
2811 3083
2707 3200
2675 3456
13 3538
770 1225
370 2019
3015 3204
1818 2172
713 1362
1394 2834
1919 3457
2547 2848
834 3530
640 3530
1827 3152
196 770
1532 3128
1231 3478
120 976
876 2482
2275 3626
623 3219
577 2192
2842 3570
312 3378
1499 2259
2294 3412
1196 2299
1288 2698
1744 3534
1262 3608
939 1579
3519 3596
1912 3117
1309 2398
529 1031
2092 3459
31 1614
368 955
588 2177
1703 1872
896 2611
1298 1676
816 2791
391 1323
342 395
602 794
3258 3293
406 3376
188 3038
1102 3336
2004 2774
1291 2769
1890 2489
768 950
203 3118
73 781
1158 3455
480 645
2681 2720
698 2206
688 1762
1582 2858
401 1365
158 3545
1733 2245
2733 3033
1097 1484
130 1674
1615 1871
929 1867
958 3117
930 2706
2760 3110
1342 3427
2143 2664
720 2317
2195 2428
2127 3574
386 1798
551 3188
645 1812
682 3509
1924 3147
1762 3104
409 468
1791 3455
1028 2034
1294 3489
102 2632
454 3484
1241 2224
1242 2818
2107 3237
1749 3449
758 3466
271 3346
37 1621
1261 2933
2686 3016
1319 2175
452 1698
1218 3070
1877 3450
836 3627
2073 2850
989 3573
855 3281
825 1133
1715 2871
1192 3423
622 2387
1745 2566
774 2183
261 3560
1201 3171
1655 3258
3254 3355
2863 3544
979 1792
847 1762
3317 3523
3136 3190
1072 3539
1788 2708
772 2190
296 2311
2053 2621
3320 3424
1747 3379
1125 3039
1604 1934
2638 3071
35 1057
964 2000
319 1041
1278 2971
2900 3119
1397 3562
379 2513
1975 1980
2384 3121
1256 3013
515 1300
1020 3410
2023 2194
1126 1952
912 2159
315 1457
88 3397
1249 1873
875 2702
447 1201
628 637
752 2694
1868 2759
277 2396
766 1917
318 2412
2276 2390
632 3304
1789 3446
745 2763
139 235
843 2790
976 2096
2427 2473
356 1970
2420 2476
2594 3366
1292 3478
209 2925
2896 3212
1757 2658
1383 3613
1905 2572
2160 3513
594 2026
1392 2416
587 2673
3390 3489
2312 3179
374 421
2038 3566
498 2516
331 889
831 1290
1148 1156
118 2673
2093 2171
1521 2988
924 936
591 3208
704 3266
1766 3335
139 643
419 1702
325 1017
1335 2390
1442 3080
1718 2290
1337 2482
113 1860
1542 2879
1999 2266
1162 2829
423 3013
3241 3440
333 3047
137 2045
985 1272
509 3000
1951 2089
241 970
1808 2948
501 2013
533 2523
1666 2219
3146 3196
468 1522
287 1923
1612 2417
1048 1879
2260 2771
212 214
561 1171
621 1674
892 2854
710 1306
1168 2265
2148 3372
127 1633
257 2462
760 1011
520 718
3162 3264
608 1310
1268 3248
167 1862
3535 3558
682 2142
627 825
121 3160
501 653
1954 3441
2172 3284
213 2182
1971 2607
1624 3289
472 1975
705 1599
916 1002
2397 3394
1259 2298
1150 1836
1927 2152
1287 2132
1159 2247
645 1644
2173 3078
2750 3495
1503 2851
2677 3042
1125 1195
3351 3636
744 1088
2224 2460
450 1500
74 1838
531 2099
443 1647
326 1698
398 1160
2419 3534
95 2485
223 597
591 2891
1548 2055
188 2820
301 2488
1199 3154
1018 1442
2157 2856
925 2579
1623 3612
546 2743
45 1229
1981 3209
1448 2612
954 1260
968 1107
80 3420
126 1290
317 3525
56 1134
1298 1414
303 2313
599 2868
1555 2633
764 1097
733 1537
800 2883
2007 3609
931 2788
667 3432
554 1500
615 708
949 2757
2902 3206
1678 3117
2401 3338
353 1392
106 2271
872 3457
1005 2650
1109 1313
1276 2609
827 901
977 2872
676 1934
1511 3404
679 3052
2244 3574
393 3514
1815 3452
249 375
1131 3464
474 3046
795 1687
793 1421
692 2304
39 159
2567 2810
1623 3499
953 1569
785 3321
843 1578
278 3296
134 2475
2060 3597
2581 3526
959 3047
1574 3621
16 3592
488 2216
102 533
2010 2643
980 2617
3284 3464
850 2027
1470 1746
626 1252
1876 3316
971 2913
373 2282
407 3062
194 363
50 3254
1014 1612
735 3119
1499 2028
1612 3186
2126 2929
1074 3410
1568 2534
1392 2287
1354 2336
2084 2910
202 3105
439 1805
2051 2368
681 2437
1674 2845
3426 3628
436 1143
1378 2890
2599 2783
2517 3404
1897 2965
2886 3059
694 3326
664 1017
2913 3484
780 2319
185 3165
1311 2152
442 622
1466 1602
1019 3191
607 983
2936 3359
477 781
992 2937
147 979
1342 2956
294 663
270 2327
367 2157
3065 3575
1992 2838
1604 1622
21 2001
3173 3212
2845 3149
331 424
2674 2851
1322 3158
937 2690
65 2714
425 2885
1883 2399
1031 2134
727 3156
859 3017
569 1990
93 3228
2521 3328
535 1944
448 2035
1682 2497
1795 3016
1967 2449
1303 3637
1764 3449
1461 2635
2786 2853
2094 2229
750 1492
440 2091
222 1239
1507 3553
2205 3598
565 1213
1250 1618
1293 2267
481 2041
2020 2516
1157 3322
1064 2481
1942 2957
2029 2242
162 3198
2049 2308
567 1265
97 1967
1168 3026
876 1337
1901 1993
199 2937
1525 2184
1457 2369
201 496
2047 3107
2665 2943
128 1730
538 577
688 847
1391 2277
915 1286
798 3245
628 2208
1258 2561
1737 2456
1698 3202
880 3561
53 2860
2476 2614
22 2374
63 2966
1398 1896
1909 2011
630 3364
927 2376
1272 2437
814 3422
682 2798
660 3129
1467 3297
257 478
1045 2485
2329 2576
1640 1819
1552 2064
674 3600
2225 2547
761 1356
1000 2344
805 2378
1042 1856
2419 2899
1834 3554
1311 1927
1960 3307
1543 3627
791 874
3205 3337
665 932
1089 1110
1595 2356
1404 2877
2700 3301
1551 3316
1986 2973
542 1804
345 1485
1260 2597
511 2163
219 3566
1248 1925
913 1146
1777 1850
296 3487
2575 2584
1777 3192
2185 2440
1143 1996
1432 2679
1301 1339
1320 3119
3 3308
629 3039
1635 3297
2095 3034
2040 2634
1957 3570
479 2831
10 1530
3458 3474
1274 2543
1481 2739
597 2924
362 403
1329 3101
2184 3295
1209 1234
1688 2423
1772 2799
2175 3458
2000 2970
3097 3259
1465 2506
1529 1943
64 2360
1732 2670
3194 3310
1029 1942
293 2867
2771 3508
1570 3309
1715 3025
1779 2102
694 1544
1608 2442
804 1575
2637 3559
1002 2990
1785 2137
1454 2085
814 2799
12 2983
1465 3093
1078 1993
3291 3315
2295 3356
1884 2030
184 3053
2116 3615
1157 2955
1531 3145
1152 1370
1006 3383
1817 1992
2988 3164
2884 2946
513 1119
457 2727
575 1403
1730 2598
1907 3074
296 1035
1536 2136
877 3489
987 2292
495 1440
1450 1962
61 2499
192 194
350 1366
521 3618
880 1364
217 1598
2509 2614
1950 3063
47 297
1584 2012
1346 1429
812 3035
3101 3409
1948 3095
1061 2594
1613 2836
1748 2905
2008 2111
888 2281
3314 3482
972 3260
754 2982
2728 3137
966 1343
25 1699
1436 1453
580 2385
1638 3626
2299 3423
2876 3139
2009 2309
538 2192
604 2402
1316 3108
1374 2359
871 2109
71 348
2409 2424
654 3114
369 3639
3089 3122
406 948
1197 1240
689 1473
1508 2327
1389 3502
371 2042
2955 3322
1035 3487
16 40
2628 3563
628 998
2773 3456
2113 3023
549 1492
766 787
559 808
763 3633
1102 3209
516 3312
3430 3587
448 1421
782 3068
1024 2179
208 3310
1388 3527
965 1195
1677 2500
894 2318
2310 3257
1070 1554
894 1393
2408 3531
2229 2655
1274 2716
854 1100
998 2258
1287 2446
1396 2676
2156 2593
2163 2789
1823 1894
434 2481
1353 1884
2487 2654
2524 2603
10 1946
1368 2864
2039 3559
1308 2623
1639 2539
2826 3105
913 1536
1091 3227
1221 1757
498 638
1524 2183
724 1123
1480 2749
1138 1819
1117 1945
837 2611
870 3269
580 2386
2960 3175
2285 2394
1499 3096
273 2231
1864 2742
817 1398
733 3058
2794 3305
84 205
2237 2318
2265 3026
1119 2155
1728 2591
907 3416
917 1220
1314 2263
2153 2331
182 1956
2587 3419
1106 2930
2578 2965
721 901
299 2945
587 687
887 2184
184 2423
2994 3509
927 1372
384 3062
1914 3078
2400 3043
2121 2739
533 1526
129 3608
3069 3622
104 2852
1468 2456
2819 3081
2082 2645
1797 3326
95 1012
1351 1929
513 1625
2464 3300
453 1553
1904 2206
596 1117
2444 2474
958 1678
830 1370
224 2092
747 3528
43 145
1217 2814
138 2544
1515 2932
466 920
548 2885
1136 2043
1673 3504
777 1243
784 2793
367 3007
464 3242
997 1878
554 3606
2459 3140
50 3355
1800 2977
2619 3580
1046 1262
2473 2933
72 2112
719 1285
561 988
1395 2469
997 1545
207 2358
2073 2995
1193 1194
601 780
335 856
996 1384
1173 2763
669 1323
1330 3060
1863 2508
2997 3396
963 1128
883 1007
1202 3531
400 3378
110 2568
544 3253
1487 1833
503 2709
293 1949
2727 3300
199 992
265 490
92 1826
1071 1751
383 1944
731 2716
3312 3477
1091 3017
1431 1608
627 1133
239 2463
339 2017
366 1535
2711 3140
1705 2912
504 579
2486 3597
97 1643
1631 1921
1590 2293
1819 2575
1924 3603
1020 1074
3548 3640
860 2467
108 3065
1775 3423
2114 2835
1051 3182
9 940
2931 3303
555 1115
1217 2998
1574 3027
1166 2041
2119 2230
445 3182
103 1016
1460 3280
1430 3468
2375 2602
355 2266
541 3232
52 428
186 1293
1910 2593
2427 2933
2162 2669
716 2076
425 3605
179 1441
2197 2741
2873 3181
2823 2874
2235 3008
2904 3407
1790 3329
2903 3015
290 2124
517 1845
2494 3457
2753 3118
1936 3239
1059 2952
1428 2621
111 865
1579 3154
877 1294
2033 2123
863 3081
86 2608
1627 3338
284 468
9 3501
1672 1773
1402 3383
1867 2607
1726 3358
2063 3381
3094 3398
610 2818
1903 3435
1532 1861
700 2803
3357 3611
2620 2999
1562 3068
1381 2710
109 190
1564 2580
1193 3408
733 2701
960 1628
451 1425
1484 2472
2795 2805
579 2284
706 1916
2553 3542
1938 2707
374 934
1339 1680
2068 2726
2693 3456
328 468
71 3394
392 3250
19 2859
1016 3360
1246 2731
1299 1677
1135 1452
897 1411
167 2169
791 3260
918 2598
1227 2821
1205 2430
644 1409
861 1021
430 3593
1039 1267
323 1351
1560 3522
532 3040
685 1724
819 1734
1079 3395
253 402
773 819
1239 3024
2240 2367
3059 3568
109 1009
943 3077
964 2970
17 838
902 1942
1671 3403
905 1833
586 2005
2059 2985
133 2167
1060 1588
414 1606
1222 3131
2665 2722
1626 2246
2219 2483
330 3410
1111 1690
1531 3188
3006 3517
3142 3404
1600 1755
1312 1634
66 832
1631 2744
262 2793
2111 3298
1236 2357
2519 3537
853 2290
855 1770
2049 2067
946 3432
1031 1808
671 1596
938 2976
214 2477
2038 2839
898 2498
3046 3114
120 678
2815 3388
2557 3289
1639 2521
48 2454
1737 2870
1682 3189
799 2617
480 738
1240 3133
215 3126
1654 2580
1608 3538
799 980
739 3631
564 1193
2735 3126
855 1568
2067 2072
2161 2164
633 2354
686 2329
957 2829
2639 3469
589 1446
1354 2687
3335 3636
993 1434
2325 2433
48 3510
274 3000
1163 3287
1980 3511
233 1338
1105 1275
716 1843
749 798
612 2088
2514 2758
67 3041
1155 1679
1345 1767
726 825
1248 2469
3387 3557
780 2102
505 1132
180 3391
176 2383
3285 3607
1127 2571
928 1653
2415 3119
832 1594
1890 2011
2496 2996
1878 2586
1479 2077
1567 2901
1206 2351
1031 2948
326 452
1620 1815
2496 3277
2875 3308
1841 2052
351 1008
1707 2006
1422 2652
99 3558
1047 1824
176 841
2955 3365
536 666
1638 2275
2025 3197
273 3160
1482 3286
712 2909
140 2352
1421 2703
171 1041
1485 2816
1231 1292
732 976
341 3257
924 1722
2741 3009
906 3262
1088 1780
34 1844
1663 2444
1296 1847
2433 2915
1979 3545
1241 2460
37 684
755 3401
541 2940
586 697
1477 2395
2310 2974
84 216
153 956
647 1607
966 3223
2002 2654
1656 3399
1732 3580
50 651
251 3618
1781 1983
1835 2017
2624 3344
1216 2423
1399 1959
281 2506
27 1245
232 1076
2784 2860
898 2679
382 2847
439 2648
2209 3362
2044 2322
679 3434
399 1116
