500 1
23816 24039 79489
16015 16211 62265
30602 30332 3819
73433 72915 37538
68488 68009 28087
29806 29665 11466
536 1446 7663
84917 84485 89488
64562 64320 74063
26755 26882 97574
51437 51420 32679
12891 13137 17568
49432 49555 28691
79290 79043 94860
39095 38918 77711
25127 25774 66413
54844 54461 86977
63003 62839 29938
47710 47382 83053
6383 6894 80056
36161 36020 83806
57158 56534 62087
47852 47329 28088
53214 52864 75867
31351 31941 70800
85956 85961 29177
44075 43805 44548
77914 77553 90632
78776 78183 56416
32420 32659 34621
49260 49470 78161
95227 94268 43453
79929 79117 98541
12667 13218 10824
11710 12529 69900
58432 58010 24551
2604 3172 94449
39111 38732 41808
25099 24962 65885
78127 77516 94670
48014 47885 19466
42913 42564 52055
41774 41833 6589
22422 22367 55183
7794 8360 30017
62906 62342 63949
47509 47443 48752
28668 28349 3125
13832 14252 69339
32079 31978 79436
22692 22962 30654
66191 65567 11102
73917 73893 11675
97676 97291 40955
1593 2108 56098
90281 90221 15904
87318 87326 13149
72887 72694 40375
53223 53383 76637
75500 75381 45015
35434 35089 24249
21682 22295 87890
5024 5233 11871
96806 96286 35155
15799 15777 77191
91914 91268 26610
11078 11597 46456
54176 53560 74052
31630 32126 72361
23941 24266 7933
10633 11445 3366
66559 65896 95530
567 715 5410
12784 12930 48840
21147 20907 31342
43611 43483 23419
83940 83228 88874
36317 36384 9506
60536 60623 80754
65146 65003 46549
2172 2091 15300
33714 33376 79119
898 1571 10214
48724 48894 18081
62876 62309 11322
79030 78246 49678
91230 90644 85193
81537 80919 84772
92920 92419 98274
15680 15555 99645
60214 60365 69503
90111 89425 81749
92350 91897 7729
87739 87470 91044
13300 13274 31966
30671 30804 33414
62097 61527 13083
70780 70365 50025
33375 33924 87810
62053 62080 61005
68767 68198 14617
47837 47856 31133
29740 29465 54830
81549 81033 43729
19800 20105 96092
39624 39441 49088
73593 73010 27184
56891 56477 95975
88305 88222 94286
87342 87298 21510
92092 91366 68574
73454 73547 80136
89071 88583 24506
49807 49990 7517
29546 29742 5071
21077 21002 42848
5196 5185 32379
68786 68329 78447
5566 5724 82770
48867 48984 74423
72153 71661 94847
30014 29819 57088
32718 33063 93647
62627 62152 51424
35756 35615 73502
91586 90839 60818
18688 19184 23779
25392 25491 87747
92825 92356 44173
83990 83572 95231
73529 73148 39254
1396 1797 65320
76218 75818 84651
67998 68161 79898
91860 91123 57989
78435 77628 2841
36326 36937 72154
29768 30294 46818
38895 39230 34705
51932 52165 35304
14737 15261 40872
94817 94011 81721
25311 25787 86812
78711 78309 67287
39942 40124 22737
12512 13171 17235
54357 54100 6050
70652 70884 63073
19440 19258 37528
6472 6991 42313
13424 13284 37351
29937 29767 92769
7276 7797 51169
50932 51083 64756
3052 3785 37419
64051 63883 55523
30973 31001 51692
48632 48236 63489
2848 3380 48362
87585 87316 38287
62231 62192 89699
3848 4436 22057
87182 87178 56465
54753 55121 97037
35921 36495 57786
67140 67185 75408
31889 31801 15584
3513 3817 31743
70426 69723 33720
7686 8193 10859
85041 84286 17820
86632 86362 76811
98309 97373 64024
8425 9237 55619
39398 39230 46075
42518 42794 32227
6583 6683 30263
96055 95274 14867
58889 59180 77432
44533 44318 3248
79523 79476 60276
18574 18796 57595
55174 55276 84364
41798 41877 8637
51887 51470 48899
1851 2777 96377
36747 37024 95455
36593 37064 59106
53314 52847 80435
16835 16877 35278
78063 77630 88558
35514 35627 22542
42723 42371 36268
27764 27534 19156
29876 30409 98735
72407 72646 92320
48074 47836 25614
75103 75288 585
30084 30679 1268
5619 5862 92383
16495 16284 15097
18915 19573 67181
58799 59013 25619
60596 60759 82007
32395 32384 67630
11598 11527 90461
14751 14601 15662
18163 18369 71390
97773 97639 19066
16480 16812 15292
149 136 69812
69479 69494 96535
94715 94739 81480
80854 80432 55402
90627 89723 84108
33668 33609 9484
86724 85904 52627
67165 67301 55140
759 1192 45210
9986 9950 91058
36880 36465 11447
72451 71934 28073
4464 4502 45228
16613 17378 25292
52804 52582 47722
19354 19736 78171
57028 56704 3443
58620 58862 82655
17767 18437 52650
46111 46188 35917
19092 19476 95743
77374 77220 47519
12615 12528 88594
32832 33304 3018
17036 17810 86018
34032 34148 3934
6794 7311 31490
27876 28377 53805
55439 55097 61195
56008 56243 72891
16296 16648 24114
62722 62284 72399
61794 61248 92816
88118 87534 20845
12187 12142 88465
58527 58095 43618
54686 54750 82790
92847 91981 35058
95833 95718 13834
97352 96636 49280
7126 7484 66498
86748 85869 54438
94896 94332 18022
69535 69025 70379
3523 3537 24246
75632 75809 55052
15918 15934 12227
76874 76728 19243
95864 95047 27373
25622 26339 47658
49202 49643 48789
59805 60072 3078
23636 23643 97940
8724 8675 68125
20676 21110 57673
56728 56937 69624
9876 10391 9577
40923 41142 86658
95344 95103 8947
65282 64903 57823
85668 85261 95188
56331 55864 934
91285 90893 73924
78155 78256 80965
13051 13259 42685
73990 74038 13944
47267 47512 52606
1213 1964 83684
8566 8946 42096
74301 73747 10062
99107 98323 81016
79315 79365 42212
17974 18482 89590
75909 75658 7354
90934 90658 32882
24804 25189 37825
87231 86543 83036
22066 22257 74350
48304 47883 12586
15634 15796 14324
30858 31481 18182
61024 61195 16240
29758 29537 10319
23851 23967 56949
96305 95558 54524
42498 42195 80883
45320 45455 34381
6257 6655 16021
53660 53263 52370
38066 38083 38208
20162 20382 13485
33362 33850 78892
71688 70938 40861
23487 23388 25611
15272 15712 51262
25016 24871 89668
77758 77107 78938
50122 50214 88585
87426 86558 85059
18640 18970 77607
77996 77297 52223
67074 67006 38889
73423 73264 74050
96639 96027 34283
61608 61967 75725
60043 60273 65349
74214 73991 29103
5215 5545 62403
64311 63911 27940
54749 54455 26305
76783 76339 62722
17920 18321 86258
68462 68584 76004
43005 43137 74683
37065 36754 12852
85347 85077 89841
94918 94115 2022
69450 69685 75213
48336 48215 27097
94803 94726 83225
96990 96359 58723
9725 9923 20016
90983 90803 83494
17546 18041 2013
23690 23746 81693
48279 48545 31211
35869 35551 66962
76495 75637 48209
11119 11599 50526
54581 54906 12471
84469 83574 43226
68697 68286 32413
36110 36351 77087
49115 48998 93332
61348 60925 23654
32016 32400 16298
93894 92924 32204
17062 17326 26695
41392 41268 50478
34225 34820 91525
98696 97743 94589
84957 84179 58662
81044 80609 16556
43211 42913 82169
57872 57374 5164
71897 71236 28696
58924 59179 30132
95919 95381 31222
13506 14132 43201
41998 41793 52445
1591 1735 12767
53117 53520 13634
37314 37915 83343
85866 85774 61226
74502 73817 23242
4075 4734 82627
49728 49574 87568
92274 92036 19696
9909 10001 32782
38117 38664 90222
92025 91975 22431
72172 71745 28389
10873 11008 72287
65516 65631 10240
88244 87779 55129
12173 12738 52685
38813 39369 84816
35694 35998 81466
32021 32127 15347
14195 14505 17631
1844 2557 27487
54259 54462 80437
38046 37670 1260
65785 65978 89849
31128 31184 83734
53941 53749 6577
26949 26681 5532
70371 70323 61588
67162 66891 21056
70802 70264 1558
71993 71416 34637
15863 16620 97902
66104 66086 66240
50074 50103 62675
32699 32617 77600
63131 63370 35150
42547 42635 62496
18406 18555 12417
82882 82299 67958
15608 16417 40691
62185 62441 82150
36072 36005 54451
16825 17283 18143
11324 11212 96027
47707 47963 32426
62082 62029 45114
237 1004 23812
85257 84875 16709
13470 13924 77152
39427 39108 35339
3714 3792 97198
39818 40209 64767
91429 91263 77481
59941 60103 6073
52546 52013 4812
65414 65367 48089
90864 90696 21801
94508 93863 26701
31869 32421 1363
4939 4902 91095
62685 62937 68617
95650 94913 23571
39022 38772 65136
95268 94289 77821
72845 72588 93523
76516 76123 32837
55878 56238 99451
91475 90947 15207
68501 68249 57280
60256 60392 37039
83022 83011 99569
87355 86556 84476
25142 25292 28976
78284 78013 6454
65344 65486 62773
69920 70126 70645
68448 68318 20424
37538 37794 79663
42449 42049 77659
50337 50490 57085
82214 81540 45820
55730 55253 42106
42735 42368 70006
37919 38236 11142
50022 50228 19809
11134 11150 9039
96607 96588 81936
33643 33345 9396
4731 4742 62225
66159 66262 72057
2800 3226 96748
65252 64916 85967
85390 85250 96431
38390 38769 11079
91964 91668 27333
65961 65849 66306
59668 59885 13954
5531 5932 78993
70048 69799 98246
49501 49237 41945
27510 27589 99883
63431 63186 87547
29593 29562 15702
87608 87389 32712
62376 62639 87197
62410 62507 56101
39453 39448 84146
86097 85805 33717
54210 54350 59694
28687 28465 69702
30767 31195 44468
41749 41642 91955
22216 22587 52266
97979 97606 44368
63378 63056 50564
88642 88188 57695
37690 37414 18769
30618 31026 42099
22297 22249 61945
54500 54251 35808
99242 99160 99141
96039 95600 18256
3278 3958 82219
89250 88895 45089
74651 73858 37557
95599 95109 57013
78991 78603 85829
67909 68112 44384
22255 22173 12289
25974 25796 45868
70097 70003 49423
15291 15830 92973
27823 28487 55216
71555 71532 74874
45453 45840 16704
26461 26212 10541
42450 42213 78482
89901 89024 87336
85018 84497 5190
17287 17285 23097
17122982266 437451