100 200 10
69 61 373734
21 88 686184
6 95 704514
38 47 815209
15 6 771036
65 81 141408
29 1 946358
51 94 114568
62 73 700320
64 1 190661
32 53 968476
73 76 681295
52 35 971329
31 36 392129
30 5 724515
25 60 42889
44 91 848134
43 19 674960
33 78 289080
42 75 22196
40 96 123037
54 71 449600
24 76 530084
39 60 124700
56 99 361284
28 96 44492
34 37 651800
28 31 572960
86 56 476565
79 73 761667
98 24 552106
90 91 551644
40 78 44124
51 27 758717
18 40 826695
27 99 826391
88 1 544856
88 35 733776
29 89 847417
87 71 382409
33 45 90890
53 90 144412
73 99 767000
90 94 897680
76 63 87688
34 69 936430
72 60 36460
22 16 351616
44 55 728103
86 29 440004
14 7 304870
92 100 84900
45 67 64960
19 52 38808
64 52 166552
32 6 344264
37 33 248480
52 25 449167
57 33 21480
28 46 622131
99 9 96982
67 56 118069
10 12 458676
36 60 478370
7 61 808528
91 88 506288
47 25 236492
68 6 479430
45 84 747605
34 94 99540
33 60 47160
65 76 58116
11 10 997228
38 32 323376
35 1 454890
61 86 643515
100 29 782414
20 35 722275
85 7 835674
59 43 851232
6 11 165168
80 48 523328
63 12 396044
64 61 379099
19 37 413323
11 61 98158
10 62 24200
77 98 549197
74 6 977656
2 97 425312
60 35 198452
40 50 995510
31 57 680964
94 74 37918
81 87 106835
68 58 25082
17 7 298605
81 14 970338
1 88 971842
55 61 143746
84 10 854328
46 45 452930
58 57 611770
28 46 465984
78 34 1906
69 32 87173
48 93 982800
93 68 270568
56 94 718206
71 99 774092
78 84 711500
23 74 330025
51 72 713860
36 89 552532
27 80 579442
76 42 8000
34 48 876238
85 77 194428
93 77 255155
2 47 682633
3 56 44575
38 54 981486
88 58 138900
53 33 436560
62 99 875491
41 35 108650
56 53 661324
95 61 893541
79 74 688132
52 11 767035
83 69 586144
26 92 741461
97 56 970514
5 69 816736
44 98 833980
71 11 794850
49 87 305095
90 3 948911
29 8 566172
47 6 160131
13 46 10318
19 7 628180
22 46 362122
81 95 829207
16 56 392570
81 31 189914
92 95 22592
11 89 455268
68 89 270810
69 95 672455
16 66 841326
81 99 746758
35 69 387855
17 61 887184
94 9 837330
61 99 440368
57 95 707130
77 96 938807
8 99 608148
11 49 539728
4 68 826488
85 12 852299
99 72 139176
10 56 760816
38 14 750000
27 8 384094
83 43 519142
35 95 290786
19 47 286210
76 7 149522
96 36 944032
46 11 627200
51 39 387644
89 16 485531
80 50 189576
91 4 618250
50 85 812828
50 55 586000
48 99 733193
17 66 821810
94 61 419295
28 22 183010
19 52 383363
49 82 855680
70 26 771595
53 2 582112
100 51 803684
13 29 410826
26 3 741305
82 46 11815
37 60 969083
66 75 806425
9 43 439465
36 5 611888
12 92 974345
75 30 382378
1 40 953347
17 58 948314
93 14 469716
80 68 801500
40 41 86 85 62 37 93 24 9 70 
