1000 1000 505
843 717
717 248
248 723
723 89
89 357
357 601
601 227
227 389
389 924
924 84
84 683
683 169
169 270
270 881
881 826
826 159
159 311
311 57
57 589
589 73
73 399
399 511
511 797
797 996
996 121
121 917
917 304
304 964
964 978
978 995
995 637
637 430
430 961
961 267
267 777
777 663
663 266
266 795
795 761
761 545
545 522
522 456
456 71
71 965
965 203
203 217
217 1
1 501
501 301
301 328
328 385
385 413
413 307
307 937
937 823
823 938
938 959
959 946
946 397
397 633
633 586
586 151
151 257
257 33
33 335
335 424
424 901
901 415
415 681
681 321
321 571
571 208
208 7
7 466
466 161
161 330
330 593
593 595
595 493
493 719
719 725
725 451
451 835
835 391
391 282
282 670
670 281
281 833
833 15
15 543
543 925
925 936
936 686
686 801
801 785
785 392
392 124
124 211
211 198
198 377
377 94
94 636
636 125
125 909
909 23
23 251
251 821
821 619
619 336
336 93
93 891
891 331
331 497
497 803
803 751
751 47
47 373
373 971
971 108
108 498
498 48
48 533
533 605
605 103
103 364
364 212
212 256
256 76
76 865
865 810
810 640
640 592
592 845
845 506
506 609
609 567
567 916
916 295
295 536
536 954
954 81
81 137
137 401
401 244
244 233
233 180
180 51
51 701
701 736
736 565
565 656
656 461
461 241
241 425
425 361
361 703
703 847
847 26
26 951
951 555
555 577
577 55
55 381
381 313
313 66
66 209
209 741
741 253
253 149
149 729
729 934
934 639
639 223
223 509
509 603
603 296
296 626
626 721
721 783
783 136
136 145
145 809
809 243
243 369
369 469
469 407
407 653
653 682
682 745
745 854
854 907
907 225
225 396
396 945
945 667
667 31
31 279
279 713
713 977
977 231
231 553
553 293
293 646
646 272
272 49
49 871
871 572
572 649
649 337
337 817
817 176
176 742
742 333
333 265
265 561
561 235
235 56
56 985
985 29
29 449
449 329
329 11
11 111
111 14
14 521
521 513
513 689
689 641
641 271
271 564
564 457
457 941
941 39
39 65
65 933
933 921
921 185
185 43
43 733
733 105
105 21
21 679
679 262
262 939
939 547
547 856
856 779
779 350
350 625
625 859
859 699
699 929
929 394
394 263
263 300
300 794
794 757
757 802
802 775
775 607
607 6
6 406
406 289
289 789
789 787
787 193
193 949
949 261
261 460
460 417
417 680
680 953
953 96
96 727
727 327
327 85
85 841
841 697
697 691
691 573
573 174
174 676
676 53
53 237
237 705
705 423
423 97
97 429
429 905
905 658
658 866
866 351
351 127
127 873
873 771
771 162
162 617
617 69
69 718
718 645
645 113
113 411
411 479
479 232
232 120
120 9
9 41
41 297
297 12
12 695
695 793
793 390
390 82
82 620
620 471
471 366
366 495
495 368
368 79
79 743
743 61
61 309
309 888
888 1000
1000 591
591 563
563 340
340 419
419 157
157 769
769 726
726 537
537 363
363 173
173 480
480 285
285 409
409 651
651 191
191 931
931 459
459 665
665 908
908 942
942 27
27 68
68 870
870 131
131 693
693 551
551 673
673 201
201 575
575 746
746 517
517 737
737 781
781 541
541 776
776 17
17 147
147 356
356 660
660 610
610 579
579 481
481 836
836 816
816 352
352 75
75 869
869 631
631 154
154 489
489 25
25 163
163 900
900 153
153 166
166 67
67 197
197 435
435 226
226 805
805 768
768 825
825 371
371 455
455 519
519 122
122 581
581 993
993 3
3 804
804 849
849 465
465 387
387 913
913 213
213 763
763 930
930 341
341 669
669 767
767 812
812 434
434 634
634 899
899 433
433 877
877 28
28 861
861 249
249 426
426 576
576 221
221 648
648 393
393 177
177 110
110 5
5 486
486 109
109 452
452 981
981 837
837 597
597 580
580 183
183 851
851 898
898 989
989 140
140 441
441 360
360 116
116 857
857 317
317 355
355 976
976 897
897 405
405 462
462 346
346 711
711 123
123 969
969 129
129 453
453 376
376 926
926 883
883 445
445 879
879 421
421 438
438 538
538 299
299 923
923 505
505 963
963 557
557 255
255 599
599 661
661 507
507 844
844 383
383 325
325 530
530 749
749 254
254 470
470 672
672 218
218 291
291 431
431 834
834 83
83 991
991 848
848 990
990 621
621 286
286 782
782 792
792 240
240 569
569 42
42 611
611 735
735 332
332 518
518 359
359 550
550 37
37 170
170 935
935 585
585 957
957 540
540 487
487 600
600 439
274 107
885 502
71 168
91 865
296 464
701 773
415 559
729 955
392 491
380 681
389 99
986 680
149 972
851 862
891 574
666 855
561 450
354 191
813 233
145 4
491 268
785 526
514 74
702 253
565 831
266 175
887 593
87 538
578 584
281 716
161 811
841 165
760 373
86 745
801 77
889 24
819 1
313 422
427 577
102 757
559 395
264 14
252 853
769 379
838 956
440 921
196 263
949 525
417 474
641 650
759 401
41 685
121 488
665 101
420 482
121 647
277 329
485 108
796 876
753 581
633 205
153 178
17 690
615 667
173 496
993 303
219 431
595 629
435 473
31 315
557 556
791 857
956 800
523 415
30 256
973 401
807 869
741 709
220 91
869 911
646 20
153 358
755 79
401 106
399 950
501 345
820 996
493 606
651 408
892 219
861 250
589 966
465 156
201 167
699 64
145 696
339 712
655 521
934 758
276 297
738 765
24 901
541 259
778 5
835 747
733 885
884 253
296 204
647 258
839 80
944 902
322 695
520 675
722 327
501 962
107 743
997 874
90 945
26 139
255 818
798 401
108 677
821 142
712 953
781 806
233 662
404 387
751 914
484 81
138 693
186 133
21 375
458 177
709 442
269 27
153 940
657 489
553 141
345 207
57 353
229 238
627 839
886 646
206 394
497 126
909 652
533 181
872 701
317 602
1 242
49 310
721 562
362 581
544 146
786 401
245 695
476 217
994 865
941 158
659 381
209 752
570 441
557 152
910 136
351 133
774 475
129 960
817 305
341 623
724 366
290 354
319 447
107 463
627 543
123 326
645 418
765 509
685 638
524 988
516 873
339 436
126 644
189 191
975 646
893 37
481 534
423 671
524 617
779 46
895 42
771 492
983 318
812 549
946 906
999 316
917 529
497 467
323 837
367 541
979 649
711 35
50 819
114 689
589 756
281 100
106 287
333 318
593 503
827 195
790 769
451 902
146 971
768 863
911 128
920 78
220 704
192 243
552 21
911 32
365 989
367 319
675 873
40 508
678 856
297 878
199 555
452 428
510 741
45 161
822 577
882 181
951 588
655 184
641 762
195 135
709 750
915 865
664 933
351 796
880 611
132 257
785 334
347 721
393 842
665 740
912 806
482 511
867 567
477 916
876 448
414 851
465 764
601 468
919 385
646 707
903 276
416 736
601 799
95 698
346 720
875 909
737 622
233 10
236 41
276 613
689 298
606 832
504 359
826 117
511 754
499 673
401 443
179 677
829 723
305 312
803 119
587 241
206 280
262 432
601 112
54 635
792 144
739 274
121 40
324 205
868 521
500 470
338 449
164 187
545 273
120 967
904 109
195 451
429 16
1 190
532 288
583 352
539 626
276 230
229 933
465 134
171 698
591 584
566 147
101 412
814 95
160 47
952 45
587 635
613 74
481 13
617 187
896 665
681 98
19 219
283 403
625 171
359 224
501 18
894 706
294 362
594 41
1 384
365 58
600 483
909 920
374 787
808 176
548 337
120 643
928 731
625 403
734 311
846 166
546 501
807 890
997 741
527 893
561 342
273 63
613 630
965 92
398 551
587 714
209 531
956 314
784 566
532 973
460 927
507 706
36 168
62 831
546 987
761 306
53 864
656 115
947 945
210 609
72 471
825 999
668 561
293 349
614 417
1 582
731 629
830 545
597 800
441 943
385 308
980 157
545 542
130 57
137 666
765 612
494 477
191 172
970 954
601 998
880 194
348 278
222 789
278 769
722 715
581 654
860 743
252 39
982 81
386 973
475 337
761 292
28 247
921 60
387 118
284 885
214 941
275 261
382 863
470 974
271 320
554 707
742 684
628 1
692 427
201 378
326 302
590 177
372 214
728 291
410 713
193 560
2 573
979 674
61 515
687 801
446 562
143 761
343 163
234 291
197 730
262 59
399 88
437 47
533 710
702 239
815 232
361 558
598 51
596 516
381 260
603 512
17 52
953 604
757 732
388 625
155 232
992 405
425 948
521 200
788 881
497 840
8 841
535 101
998 104
216 214
247 984
958 508
280 748
851 454
341 824
852 849
968 417
932 450
490 775
339 918
38 731
642 353
708 498
93 744
478 327
989 148
616 121
332 618
150 614
400 90
922 226
632 637
44 716
34 716
700 943
694 859
29 472
299 370
215 917
344 154
581 444
361 766
526 568
987 402
858 500
543 246
377 780
356 828
182 7
383 624
608 179
770 341
991 688
41 188
657 228
772 297
797 22
70 489
409 528
531 202
850 865
Increase 65 1 885
Minor 601 371
Sum 277 11
Sum 801 220
Sum 705 837
Minor 421 835
Minor 633 487
Increase 381 567 577
Increase 905 413 441
Major 705 925
Increase 825 173 601
Increase 185 701 93
Major 199 231
Increase 721 51 423
Increase 537 440 578
Increase 145 605 391
Increase 985 797 543
Minor 917 507
Increase 645 125 909
Sum 41 281
Invert 495 751
Increase 645 577 571
Minor 136 234
Major 798 421
Sum 762 200
Invert 433 81
Invert 785 44
Invert 3 303
Increase 977 795 505
Sum 541 354
Increase 3 524 121
Increase 945 151 788
Invert 177 533
Increase 191 26 705
Increase 769 829 123
Major 975 301
Invert 897 61
Increase 461 601 921
Sum 171 897
Increase 869 565 61
Increase 641 93 885
Minor 405 657
Sum 481 941
Increase 737 363 481
Minor 577 899
Increase 921 609 797
Invert 537 945
Invert 265 137
Increase 469 227 176
Increase 591 117 96
Major 921 147
Increase 521 962 331
Increase 763 701 345
Sum 209 594
Invert 82 124
Major 680 452
Increase 341 553 832
Major 302 656
Minor 629 146
Invert 506 336
Invert 913 529
Sum 237 669
Increase 299 41 393
Increase 751 273 509
Invert 711 233
Sum 623 444
Minor 33 953
Sum 761 501
Sum 551 17
Increase 729 256 94
Major 281 185
Increase 701 331 265
Minor 743 937
Invert 648 313
Increase 951 311 602
Minor 817 971
Sum 461 193
Major 669 713
Major 91 91
Sum 757 13
Increase 11 561 876
Minor 337 745
Increase 667 151 90
Increase 551 793 113
Minor 991 441
Minor 277 561
Increase 900 833 310
Major 121 101
Major 465 397
Major 487 386
Increase 939 995 209
Invert 645 301
Major 101 291
Minor 513 241
Increase 423 571 86
Increase 981 434 159
Minor 49 957
Increase 333 833 384
Increase 401 89 366
Minor 1 101
Increase 161 88 556
Increase 111 321 220
Sum 803 87
Increase 376 865 98
Increase 481 721 565
Increase 676 73 5
Increase 41 9 584
Increase 911 128 249
Invert 97 388
Minor 921 801
Major 213 471
Increase 976 789 914
Invert 845 281
Invert 331 820
Increase 481 679 992
Sum 501 763
Invert 665 241
Invert 25 673
Major 195 726
Minor 517 958
Minor 577 521
Sum 807 49
Increase 417 777 970
Minor 413 956
Increase 673 687 1
Sum 121 251
Increase 81 77 503
Sum 191 505
Increase 429 946 761
Major 916 193
Increase 341 167 961
Sum 420 421
Invert 293 738
Increase 551 889 139
Increase 49 636 101
Sum 777 166
Invert 769 823
Sum 63 241
Minor 619 561
Sum 991 431
Increase 371 583 351
Minor 826 536
Increase 871 270 701
Major 433 405
Minor 107 1
Increase 658 111 475
Major 424 599
Sum 747 877
Sum 793 583
Invert 497 725
Invert 341 277
Increase 6 126 577
Increase 49 71 417
Major 53 305
Invert 226 153
Major 297 853
Major 907 431
Major 977 225
Increase 481 293 658
Sum 766 497
Increase 289 1 314
Minor 665 901
Minor 381 926
Increase 346 36 986
Increase 361 227 401
Increase 913 980 93
Increase 817 121 199
Increase 645 217 800
Sum 409 595
Increase 465 41 251
Sum 99 626
Sum 901 341
Increase 433 481 166
Sum 58 637
Minor 1 853
Invert 185 385
Sum 447 723
Major 310 121
Increase 897 157 272
Increase 75 741 535
Minor 501 645
Increase 376 757 791
Sum 341 191
Increase 703 736 733
Increase 396 951 505
Invert 409 841
Sum 649 942
Major 905 353
Minor 219 333
Sum 151 561
Increase 841 533 497
Increase 779 681 734
Minor 405 856
Minor 959 676
Invert 17 51
Sum 482 669
Major 267 640
Increase 789 813 217
Increase 81 45 909
Minor 529 204
Increase 609 501 131
Sum 651 729
Sum 601 741
Invert 781 361
Increase 281 522 665
Sum 545 69
Minor 910 626
Increase 825 635 291
Invert 331 919
Increase 591 284 999
Sum 595 749
Major 31 983
Increase 79 709 44
Increase 279 626 80
Increase 939 679 698
Minor 716 499
Increase 673 91 553
Increase 313 909 251
Increase 676 933 257
Sum 131 947
Sum 801 399
Sum 672 229
Increase 869 579 454
Increase 929 653 171
Invert 317 734
Increase 673 633 361
Sum 713 481
Increase 749 483 769
Major 157 31
Major 777 981
Sum 656 201
Increase 113 636 849
Invert 409 165
Increase 857 509 595
Increase 336 24 128
Major 705 916
Increase 923 161 351
Major 117 533
Major 761 932
Increase 401 601 465
Minor 197 476
Increase 153 691 457
Increase 861 849 457
Increase 17 690 523
Invert 673 651
Increase 993 525 630
Minor 511 915
Sum 221 509
Increase 541 641 656
Major 369 783
Increase 565 203 216
Sum 913 435
Increase 713 562 721
Major 681 273
Major 85 741
Minor 685 645
Sum 73 162
Sum 411 169
Increase 435 843 334
Increase 619 961 921
Major 821 409
Invert 261 357
Increase 341 350 183
Minor 877 886
Minor 789 896
Invert 981 290
Sum 729 51
Sum 521 731
Increase 837 909 751
Increase 177 457 405
Sum 669 205
Minor 661 309
Major 992 15
Increase 313 914 798
Increase 897 41 293
Major 177 13
Increase 869 161 681
Minor 297 318
Increase 351 401 815
Minor 1 641
Major 487 23
Increase 899 489 860
Invert 641 946
Invert 251 321
Sum 333 573
Invert 605 881
Increase 995 89 183
Increase 341 233 153
Minor 341 401
Invert 981 652
Major 743 731
Sum 501 21
Increase 123 267 874
Invert 262 491
Sum 1 489
Sum 801 739
Sum 997 817
Sum 964 153
Increase 701 915 808
Invert 21 843
Major 743 476
Increase 541 503 641
Major 640 49
Increase 816 725 261
Sum 786 381
Minor 396 153
Invert 369 251
Invert 17 801
Minor 81 239
Invert 849 1
Increase 513 349 193
Increase 351 853 961
Major 433 336
Increase 617 561 778
Sum 491 649
Increase 145 345 283
Sum 425 45
Invert 581 157
Increase 49 759 641
Minor 553 23
Sum 639 213
Major 876 813
Sum 557 201
Minor 237 57
Invert 577 425
Increase 971 301 347
Increase 757 978 861
Increase 140 521 338
Minor 137 515
Sum 552 951
Increase 25 977 801
Major 46 938
Invert 381 288
Sum 345 33
Minor 133 77
Invert 697 973
Invert 341 34
Minor 839 261
Major 141 781
Increase 360 845 649
Increase 537 273 473
Minor 806 343
Minor 73 278
Sum 839 876
Increase 21 176 361
Increase 841 751 561
Increase 66 425 193
Increase 201 157 98
Invert 851 626
Increase 361 169 211
Increase 645 451 200
Minor 356 501
Increase 573 625 225
Invert 289 853
Major 225 435
Invert 481 321
Increase 191 185 691
Minor 251 547
Major 849 521
Increase 153 531 173
Increase 721 803 845
Increase 691 875 975
Increase 43 195 832
Invert 641 73
Sum 372 951
Invert 369 377
Sum 257 461
Invert 434 104
Major 779 936
Increase 981 925 981
Increase 573 353 985
Sum 15 212
Major 655 259
Invert 631 921
Major 428 744
Minor 129 284
Invert 857 821
Increase 649 909 834
Increase 781 368 439
Sum 201 117
Invert 151 633
Increase 691 117 544
Minor 661 505
Minor 251 260
Sum 351 637
Invert 663 616
Increase 173 916 105
Major 897 543
Increase 737 705 201
Increase 177 265 560
Sum 253 977
Increase 497 501 889
Increase 201 413 35
Major 119 209
Minor 890 156
Major 966 209
Increase 153 545 431
Invert 609 865
Increase 553 725 121
Increase 617 484 32
Sum 815 291
Sum 420 256
Major 826 911
Increase 297 204 49
Increase 605 498 865
Major 677 834
Minor 809 1
Invert 241 523
Increase 197 499 575
Increase 201 561 676
Increase 471 271 996
Minor 230 125
Increase 131 40 729
Increase 763 745 75
Major 363 329
Major 998 961
Minor 613 191
Sum 545 521
Increase 423 671 360
Increase 681 117 281
Increase 489 625 366
Major 911 28
Major 511 546
Minor 39 969
Minor 299 933
Invert 921 241
Minor 811 871
Sum 577 45
Minor 591 301
Minor 473 53
Major 352 721
Increase 763 882 709
Increase 897 729 349
Increase 693 437 504
Increase 6 545 773
Minor 874 74
Sum 957 101
Increase 351 997 328
Increase 681 829 843
Minor 712 757
Invert 851 533
Increase 173 716 250
Sum 228 379
Sum 76 827
Increase 691 921 461
Increase 769 936 161
Sum 169 767
Major 684 497
Invert 565 73
Increase 593 717 201
Increase 329 615 245
Invert 177 625
Increase 649 151 231
Increase 197 871 475
Minor 261 653
Increase 697 833 681
Sum 262 21
Increase 433 997 559
Increase 633 826 791
Increase 197 351 257
Invert 577 451
Major 473 217
Increase 297 873 545
Major 262 991
Major 693 214
Increase 166 653 291
Minor 106 978
Sum 59 857
Increase 607 342 688
Sum 425 387
Major 585 853
Increase 793 577 919
Major 545 130
Major 351 244
Increase 565 168 919
Increase 653 813 523
Sum 944 941
Minor 218 109
Major 285 95
Increase 411 202 959
Sum 110 195
Increase 939 337 856
Increase 27 697 366
Invert 577 361
Invert 565 821
Major 201 224
Invert 577 813
Increase 226 593 949
Invert 785 545
Increase 153 429 606
Minor 66 325
Sum 465 35
Major 225 541
Major 970 516
Minor 59 173
Increase 617 994 579
Increase 201 601 473
Minor 683 603
Increase 81 821 881
Increase 249 910 435
Invert 465 726
Sum 509 938
Major 849 807
Sum 971 698
Invert 942 975
Increase 441 23 167
Sum 245 466
Increase 733 461 335
Minor 737 549
Increase 985 587 9
Invert 299 18
Increase 913 881 377
Increase 201 677 787
Increase 433 263 873
Invert 989 336
Major 57 536
Increase 913 300 967
Major 681 739
Increase 593 1 845
Minor 326 161
Invert 53 958
Minor 726 876
Increase 421 741 151
Major 76 137
Minor 170 581
Invert 43 745
Increase 41 531 511
Major 407 614
Increase 871 998 296
Increase 153 222 533
Major 457 893
Increase 137 392 432
Major 339 489
Sum 365 435
Sum 396 401
Invert 433 579
Increase 96 945 113
Increase 201 577 201
Minor 306 972
Increase 295 331 764
Increase 376 729 989
Minor 357 801
Increase 111 601 958
Increase 641 265 408
Increase 460 305 501
Increase 441 719 453
Minor 6 294
Increase 547 686 407
Increase 861 829 144
Increase 537 881 201
Major 593 403
Increase 713 907 951
Increase 481 351 409
Increase 335 881 716
Minor 473 593
Invert 7 501
Minor 804 543
Major 12 241
Invert 124 57
Minor 357 441
Increase 25 631 323
Minor 569 669
Minor 279 661
Increase 481 666 536
Increase 486 200 781
Major 949 333
Minor 331 211
Increase 251 159 537
Invert 561 501
Sum 575 681
Minor 167 677
Sum 301 666
Increase 929 501 958
Invert 805 589
Sum 753 217
Increase 53 681 962
Increase 509 703 74
Increase 930 761 236
Invert 763 627
Increase 381 135 401
Invert 363 779
Sum 65 874
Increase 737 841 631
Increase 421 107 631
Invert 441 113
Increase 441 907 189
Increase 481 364 181
Major 721 189
Increase 945 295 421
Increase 21 225 487
Major 81 468
Minor 479 137
Increase 703 501 961
Sum 197 849
Sum 67 321
Major 231 766
Increase 113 135 782
Sum 766 273
Sum 225 971
Major 339 147
Increase 449 951 877
Invert 497 121
Sum 713 437
Sum 649 373
Minor 926 616
Increase 873 639 495
Invert 989 277
Invert 289 66
Increase 124 523 378
Major 731 987
Increase 401 637 802
Major 171 527
Increase 981 817 637
Major 811 521
Increase 461 901 599
Increase 85 919 776
Sum 569 511
Increase 425 759 371
Minor 1 975
Sum 614 908
Sum 525 765
Increase 897 33 551
Minor 835 946
Increase 381 295 624
Increase 897 501 881
Major 452 793
Major 397 145
Sum 457 761
Increase 201 137 79
Increase 351 845 169
Sum 960 961
Increase 517 322 188
Increase 873 811 93
Increase 201 961 857
Sum 477 701
Major 881 223
Increase 441 273 313
Invert 363 263
Invert 617 503
Minor 595 978
Increase 969 324 362
Increase 455 50 697
Minor 121 496
Minor 721 641
Increase 162 401 322
Sum 941 229
Invert 111 281
Minor 901 496
Increase 617 641 316
Increase 157 21 428
Invert 465 230
Increase 611 893 435
Sum 329 201
Sum 677 282
Increase 435 677 662
Invert 455 353
Minor 201 3
Invert 641 701
Major 87 681
Minor 247 331
Increase 396 887 341
Minor 905 417
Invert 426 608
Increase 857 775 301
Increase 926 222 399
Increase 425 925 201
Major 553 97
Increase 441 812 161
Minor 884 121
Minor 873 857
Major 401 901
Major 569 777
Sum 485 374
Increase 241 485 327
Major 681 361
Invert 816 826
Minor 368 756
Increase 469 469 669
Increase 757 171 181
Minor 355 166
Increase 197 233 276
Increase 631 806 549
Sum 301 553
Invert 56 469
Invert 361 76
Invert 293 681
Increase 123 433 876
Increase 745 115 62
Sum 985 69
Increase 737 257 579
Sum 561 214
Increase 805 501 702
Major 949 761
Increase 651 929 476
Increase 533 266 643
Major 638 53
Increase 243 207 548
Major 666 57
Increase 201 889 736
Increase 921 647 111
Sum 521 376
Major 173 46
Invert 131 915
Minor 61 3
Increase 533 377 866
Major 413 93
Sum 66 52
Major 349 383
Invert 913 331
Increase 471 1 327
Major 780 349
Sum 516 879
Increase 661 749 961
Increase 313 773 381
Increase 297 176 926
Minor 436 833
Minor 857 673
Increase 861 496 321
Increase 67 939 419
Minor 671 97
Invert 285 181
Increase 480 329 593
Major 328 175
Minor 120 645
Increase 297 979 708
Increase 66 246 931
Major 265 441
Major 469 905
Minor 491 867
Major 341 319
Major 847 531
Increase 251 887 273
Invert 936 112
Invert 417 119
Major 641 945
Minor 776 845
Increase 936 777 987
Major 601 311
Invert 17 292
Major 1 719
Sum 176 711
Major 815 113
Increase 17 55 221
Increase 825 44 793
Sum 38 833
Invert 41 137
Minor 362 357
Increase 329 257 901
Major 636 929
Minor 328 455
Sum 893 747
Sum 81 181
Increase 625 1 113
Sum 87 477
Invert 81 801
Minor 357 935
Increase 5 327 296
Major 25 157
Increase 271 485 693
Major 165 219
Increase 371 281 16
Sum 686 451
Increase 299 457 933
Increase 111 251 18
Increase 471 729 289
Invert 743 633
Sum 476 847
Sum 5 351
Sum 993 501
Invert 934 717
Increase 201 809 817
Increase 879 929 501
Increase 591 251 216
Sum 11 950
Increase 223 681 409
Minor 137 192
Invert 727 813
Minor 241 157
Major 756 773
Increase 317 551 529
Minor 267 936
Increase 547 476 221
Increase 223 397 41
Invert 53 642
Increase 329 783 331
Increase 51 938 345
Increase 396 839 386
Invert 241 937
Invert 989 145
Minor 749 89
Increase 469 442 613
Increase 116 256 61
Sum 573 809
Major 76 175
Invert 377 780
Increase 521 521 228
Invert 9 526
Major 219 733
Minor 209 761
Increase 865 840 186
Major 822 617
Minor 155 509
Minor 21 950
Invert 891 384
Sum 677 403
Increase 221 320 817
Increase 405 377 395
Increase 51 91 671
Invert 393 176
Increase 639 416 297
Major 101 666
Minor 676 344
Minor 113 617
Increase 969 459 411
Increase 751 582 87
Increase 122 729 865
Sum 633 601
Sum 505 313
Increase 11 666 91
Invert 481 601
Minor 251 450
Sum 209 562
Sum 649 723
Increase 455 29 741
Increase 297 531 36
Minor 7 413
Sum 224 139
Minor 149 533
Increase 235 401 553
Major 883 961
Sum 748 397
Minor 981 49
Minor 393 149
Major 655 181
Minor 460 673
Increase 561 945 269
Minor 603 421
Sum 944 953
Minor 175 256
Increase 261 214 434
Minor 448 823
Sum 137 206
Sum 726 67
Minor 465 33
Invert 272 881
Sum 969 66
Increase 881 881 13
Minor 957 82
Increase 631 495 641
Major 89 41
Major 851 631
Sum 281 754
Invert 469 758
Increase 109 849 161
Minor 147 67
Invert 581 276
Invert 153 801
Increase 41 666 145
Increase 721 529 481
Sum 381 797
Minor 945 71
Sum 25 409
Increase 857 563 237
Minor 543 21
Increase 909 777 875
Minor 553 739
Minor 361 945
Invert 597 417
Increase 883 759 945
Increase 145 562 963
Increase 697 945 482
Increase 361 401 601
Sum 79 826
Major 741 633
Increase 39 601 343
Increase 945 723 44
Increase 455 417 65
Major 801 449
Minor 941 441
Sum 637 761
Sum 621 855
Invert 861 195
Increase 576 876 226
Increase 551 789 912
Sum 691 989
Invert 989 971
Major 689 403
Sum 285 585
Sum 156 303
Major 469 553
Major 781 311
Invert 737 457
Increase 691 295 421
Invert 673 539
Increase 136 729 491
Invert 617 841
Sum 489 973
Minor 887 551
Minor 285 140
Sum 495 841
Invert 469 539
Increase 297 239 117
Major 999 177
Invert 191 231
Increase 849 473 571
Increase 705 625 601
Invert 976 187
Minor 605 516
Minor 770 59
Increase 634 751 865
Major 741 241
Sum 801 143
Sum 111 977
Major 983 525
Minor 249 91
Major 873 203
Increase 537 545 803
Invert 469 891
Major 725 193
Major 865 645
Increase 360 781 883
Minor 831 5
Increase 486 424 985
Increase 233 761 291
Major 222 814
Increase 695 959 417
Invert 341 698
Sum 85 313
Invert 426 443
Minor 573 213
Increase 993 615 392
Increase 793 793 927
Minor 326 353
Major 625 691
Major 927 51
Major 565 271
Major 665 446
Increase 771 561 719
Increase 329 501 281
Invert 653 51
Major 821 324
Sum 617 388
Increase 691 801 209
Major 209 369
Invert 211 889
Increase 300 33 889
Sum 51 414
Increase 131 559 241
Increase 729 233 95
Major 616 887
Minor 567 55
Sum 47 961
Invert 300 632
Minor 36 201
Invert 237 246
Increase 481 361 118
Major 69 396
Invert 681 917
Major 347 101
Minor 108 884
Invert 253 321
Invert 301 545
Major 401 931
Increase 25 471 185
Major 221 127
Major 625 954
Increase 351 845 129
Sum 781 741
Increase 825 125 785
Increase 387 551 255
Invert 936 321
Increase 48 801 179
Sum 855 321
Increase 41 304 574
Minor 449 800
Minor 161 345
Invert 313 211
Increase 581 153 471
Invert 971 821
Major 673 320
Invert 651 478
Sum 953 142
Invert 541 401
Major 773 633
Increase 147 281 741
Increase 486 668 349
Invert 921 57
Sum 578 53
Major 989 9
Major 541 990
Minor 742 986
Increase 369 121 271
Invert 176 721
Minor 856 927
Increase 577 57 449
Increase 933 785 737
Increase 329 209 689
Increase 79 45 589
Major 336 337
Sum 207 228
