200 100
9 174 3
174 131 0
131 19 1
19 28 2
28 9 4
119 83 8
83 194 6
194 8 5
8 126 9
126 119 7
58 60 14
60 154 10
154 91 13
91 105 12
105 58 11
132 17 17
17 100 15
100 146 18
146 162 19
162 132 16
183 72 20
72 111 23
111 154 24
154 24 21
24 183 22
181 159 27
159 25 28
25 179 25
179 164 29
164 181 26
7 198 33
198 156 32
156 48 31
48 21 34
21 7 30
182 41 35
41 76 38
76 74 37
74 79 36
79 182 39
38 145 43
145 60 42
60 79 41
79 184 40
184 38 44
22 40 48
40 144 47
144 64 46
64 148 45
148 22 49
145 86 52
86 187 51
187 143 54
143 95 50
95 145 53
82 42 59
42 135 55
135 68 56
68 62 58
62 82 57
93 3 61
3 54 63
54 196 60
196 48 64
48 93 62
165 105 67
105 148 66
148 138 68
138 169 69
169 165 65
20 198 70
198 19 71
19 26 72
26 134 74
134 20 73
98 133 78
133 104 79
104 2 75
2 161 77
161 98 76
174 50 80
50 193 83
193 187 81
187 151 84
151 174 82
4 80 87
80 149 89
149 132 85
132 31 86
31 4 88
178 48 91
48 118 90
118 38 93
38 69 94
69 178 92
103 77 99
77 121 95
121 58 96
58 199 98
199 103 97
100
83 95 75 64 38 96 23 3 74 54 88 63 17 37 28 55 39 66 0 42 85 72 67 51 78 32 90 98 1 76 14 36 68 10 11 56 99 8 22 69 86 4 26 9 20 35 80 41 53 97 6 65 52 40 49 61 84 93 46 48 34 5 16 82 27 13 12 73 43 7 45 89 15 30 25 60 29 33 47 77 19 2 62 57 79 18 94 58 91 50 24 21 87 71 44 59 70 81 31 92
