5 8
4 1 29
3 5 51
3 2 85
2 4 1
4 2 5
5 2 65
1 4 75
3 4 1
200
1 3 23
1 2 57
1 1 61
1 1 37
1 7 57
1 1 2
2 1 75
2 3 26
1 5 7
1 7 69
1 1 69
1 6 96
1 1 41
1 6 51
2 1 61
1 1 61
2 1 61
2 5 8
2 4 29
2 2 73
1 7 91
1 1 29
1 3 77
1 3 82
1 1 21
2 5 74
2 4 91
1 4 87
1 4 35
1 4 97
1 1 57
2 2 41
1 1 61
1 5 93
1 6 77
2 3 55
1 6 65
1 3 78
1 5 14
1 1 89
2 3 1
1 1 91
1 3 41
1 2 87
1 4 50
2 1 92
1 1 41
2 4 50
1 7 3
1 5 33
1 5 1
1 7 33
1 1 24
2 4 51
1 1 29
1 2 64
1 5 51
1 3 82
1 5 21
1 5 7
2 1 63
1 7 52
2 2 26
2 2 45
1 1 31
1 7 61
1 1 97
2 2 76
1 5 100
1 5 81
2 1 34
1 8 25
1 1 11
1 6 19
2 3 41
1 1 45
1 1 56
1 1 53
1 5 89
2 4 11
1 5 93
2 2 80
2 5 96
2 5 97
1 8 70
1 1 31
1 1 16
2 1 69
1 7 17
2 1 23
2 4 71
1 1 6
2 3 55
2 1 9
1 1 69
1 1 26
1 1 25
2 3 44
1 1 81
1 8 96
1 1 65
1 1 29
1 1 85
1 7 2
2 5 26
1 7 41
1 1 33
1 3 70
1 8 80
2 1 43
1 1 97
1 8 56
1 1 6
1 2 69
1 6 9
1 1 21
1 5 21
1 5 61
1 6 87
2 1 14
1 7 13
1 5 1
1 7 31
1 1 10
1 4 29
1 4 2
2 1 71
2 2 89
1 1 6
1 5 91
2 1 23
1 5 46
1 5 36
1 5 73
2 3 21
1 2 1
1 1 33
2 1 31
1 4 65
2 1 11
1 4 81
2 5 51
1 1 47
1 1 92
2 5 13
1 3 53
1 7 97
2 1 4
2 1 27
1 5 10
2 5 65
1 5 92
1 2 17
2 5 86
1 1 11
1 7 23
1 3 92
1 1 37
1 1 63
1 1 99
1 2 27
1 7 46
1 4 3
1 2 51
1 1 70
1 7 90
2 2 73
1 7 39
1 7 9
1 7 1
1 2 84
2 5 51
1 5 1
1 7 71
2 3 8
2 2 55
1 7 25
1 7 66
1 7 19
2 4 41
1 5 33
1 1 1
1 1 29
1 7 89
1 7 61
1 3 28
1 1 29
1 3 41
2 3 65
2 1 6
1 5 51
2 5 10
2 2 25
1 1 99
1 2 46
1 1 41
1 1 1
1 7 51
1 2 91
1 5 77
