100
53 48 38 27 50 65 42 59 61 79 1 19 18 53 13 81 2 46 56 39 87 9 61 55 43 95 23 63 47 88 29 99 35 67 78 36 83 19 47 43 49 99 13 18 51 25 50 4 23 5 94 9 13 54 63 8 100 38 70 46 25 98 97 11 16 74 99 50 44 97 45 92 95 57 10 46 34 59 1 56 16 95 16 80 100 78 39 100 67 8 45 91 6 41 54 73 66 4 75 9
100 19
53 94
75 14
91 60
24 92
15 91
38 30
23 37
60 61
36 26
69 33
69 26
25 74
50 91
77 24
51 28
42 55
21 69
68 64
28 44
55 95
86 44
76 8
80 35
21 68
13 89
100 81
66 24
54 15
14 82
91 17
9 84
71 81
4 91
44 84
34 50
78 19
93 53
79 73
40 99
40 52
39 91
84 4
14 89
70 80
70 60
96 30
96 18
10 99
8 54
82 93
3 11
64 96
16 42
20 55
40 11
58 30
1 41
33 14
29 54
45 50
79 61
10 88
59 69
14 48
3 77
95 18
70 14
24 61
24 81
90 76
21 22
89 1
27 86
68 63
7 12
48 5
18 2
56 65
94 57
37 60
60 56
67 28
61 83
72 68
38 12
15 49
68 6
74 44
97 1
35 31
46 28
28 43
98 14
81 87
32 26
79 47
62 94
85 8
