1000 999
687 310
343 310
747 310
687 653
349 653
367 653
153 349
349 638
367 898
321 898
740 898
638 245
740 944
991 245
245 647
944 786
328 991
391 991
463 391
463 772
272 463
835 391
316 463
874 316
8 874
8 805
805 473
978 8
805 665
403 805
960 978
978 635
156 960
447 635
40 960
671 40
851 156
671 152
925 40
470 851
851 553
152 472
472 373
553 893
553 678
507 472
320 893
953 893
953 895
320 199
347 199
799 895
895 284
198 199
583 799
284 763
763 197
940 197
45 763
667 763
318 940
667 47
47 104
667 296
96 47
443 47
443 531
96 171
531 382
71 382
894 531
164 894
733 894
164 252
293 164
293 652
733 190
905 190
652 887
741 887
568 190
887 73
887 774
73 273
73 402
774 985
208 273
897 985
402 694
897 464
897 797
485 464
478 485
464 524
435 797
524 117
664 478
839 664
117 465
291 664
17 291
465 522
465 616
616 432
522 362
362 433
433 813
179 813
222 179
999 179
676 813
590 179
562 676
372 676
59 676
1000 372
59 685
685 359
59 35
685 303
424 359
363 359
496 424
623 424
496 356
560 496
496 119
356 541
720 541
720 829
753 720
753 188
720 534
545 534
534 415
233 415
415 167
233 268
237 415
237 775
781 268
529 781
775 353
215 775
215 572
529 70
70 426
70 882
572 466
945 426
945 88
691 882
466 136
504 945
916 691
916 549
808 549
916 36
916 183
881 36
982 36
611 183
32 881
368 982
32 543
368 987
987 234
368 633
543 202
860 633
9 860
202 662
913 662
860 281
281 532
281 791
532 570
791 615
105 791
105 60
105 628
311 628
146 60
535 60
769 535
277 769
769 683
683 563
275 683
975 563
683 910
949 563
910 326
224 326
838 326
326 439
422 439
224 76
422 489
76 239
76 578
578 673
196 673
132 578
132 131
229 132
140 196
140 657
609 657
605 609
609 162
609 717
690 162
690 850
721 850
251 850
251 445
251 274
313 721
313 346
346 427
313 607
934 313
934 581
607 344
99 344
186 344
99 766
646 186
646 924
766 509
28 924
646 589
509 219
689 219
330 28
723 219
911 689
330 947
330 369
369 12
116 12
497 947
497 454
454 479
408 479
454 579
444 479
479 817
817 226
226 655
332 817
655 684
438 226
896 332
580 684
374 896
184 896
159 580
184 516
159 241
159 875
636 241
834 241
469 241
834 174
6 834
834 380
750 469
6 793
48 793
859 48
748 859
48 335
48 849
748 602
50 849
980 50
974 980
397 602
81 397
397 749
645 749
358 397
863 645
85 358
499 863
499 421
499 588
85 89
510 89
588 700
89 686
89 697
546 510
25 546
686 287
333 287
287 481
738 287
824 333
333 381
381 734
738 65
414 65
414 336
843 734
336 160
455 336
336 232
160 155
200 455
453 200
453 456
574 155
453 815
815 594
948 574
948 20
848 20
996 948
948 295
848 398
295 787
312 295
787 984
312 109
109 341
393 341
393 595
393 726
366 726
981 726
832 595
670 832
166 670
670 701
394 670
166 811
95 394
110 811
163 95
163 695
695 390
784 110
739 390
739 804
739 306
396 804
77 739
731 306
218 306
218 253
253 619
731 379
361 218
873 619
235 873
361 599
599 656
599 540
836 599
540 107
92 540
540 475
836 340
475 650
92 542
204 340
203 650
178 203
204 345
98 204
98 66
833 66
927 345
833 837
904 927
904 724
644 927
266 644
724 413
413 93
711 644
134 711
134 254
134 148
148 746
254 528
329 148
658 148
746 932
329 604
604 718
106 932
106 38
718 735
551 718
38 323
38 319
216 735
745 551
112 745
707 745
112 138
138 907
365 707
193 907
128 365
249 193
189 249
826 193
582 128
249 818
922 189
922 78
582 703
842 922
921 842
921 755
825 921
331 825
858 825
755 571
458 331
300 858
451 571
458 387
305 300
63 387
256 451
305 288
265 305
459 288
812 288
459 212
431 812
459 141
431 569
672 212
68 431
569 214
771 214
677 672
450 214
57 771
450 452
450 292
452 989
423 989
423 778
423 621
870 778
868 778
27 621
643 870
27 407
643 282
407 101
407 468
501 407
831 501
269 468
269 294
988 269
82 988
751 294
988 24
24 62
24 173
471 62
24 640
640 172
952 172
526 471
640 506
928 172
526 261
357 526
494 928
261 760
289 357
420 289
840 420
260 840
289 236
420 986
990 986
986 617
736 986
846 990
514 846
514 124
290 846
290 641
337 290
337 207
857 207
857 878
821 878
533 878
900 821
900 713
515 533
533 10
713 648
16 10
10 511
648 259
558 511
814 558
259 123
814 782
558 728
714 123
627 123
714 612
714 845
845 377
612 613
324 845
262 613
547 377
457 547
262 121
802 262
121 902
902 883
886 802
902 971
596 886
133 886
693 886
90 693
90 161
587 90
7 693
325 90
161 371
325 556
7 554
371 255
175 255
556 244
416 554
175 759
175 142
573 759
416 938
938 823
823 206
573 484
206 630
206 669
49 484
669 46
696 669
762 49
696 705
909 762
705 350
705 87
87 770
777 350
777 756
250 770
903 250
250 231
250 436
436 21
903 704
567 21
704 67
567 508
508 4
828 508
55 4
37 4
936 4
828 622
559 55
807 37
732 559
956 622
732 941
56 941
56 462
941 852
495 852
271 852
462 919
919 11
11 299
383 11
383 114
299 127
114 195
127 527
548 195
308 127
308 719
527 544
719 780
780 13
830 544
661 13
765 661
995 830
765 404
661 651
279 404
722 651
725 651
42 651
722 410
598 722
767 410
410 187
91 598
22 767
861 767
187 135
861 170
22 783
385 170
181 135
822 170
385 409
181 304
409 708
409 933
409 19
889 304
933 801
19 632
297 19
889 591
801 866
351 591
157 866
866 180
351 364
157 51
521 51
411 364
151 411
411 601
601 931
151 399
931 792
626 931
461 399
742 461
498 742
955 742
586 461
137 498
498 147
917 137
917 205
309 137
177 147
205 334
177 100
334 280
334 317
552 317
280 575
864 317
505 317
575 23
575 144
885 864
885 270
593 885
566 270
593 806
405 270
314 405
488 566
405 853
798 405
525 314
926 525
285 798
668 926
525 773
631 668
631 58
969 58
58 120
692 631
692 654
998 120
15 654
698 15
384 15
698 322
384 939
41 698
154 384
486 154
486 213
213 663
997 486
441 997
441 440
441 803
997 979
437 803
979 702
263 803
702 744
437 86
267 86
963 267
768 744
267 111
963 2
111 191
225 768
225 964
557 2
557 434
434 492
434 865
557 26
914 26
176 492
487 865
176 192
149 192
192 130
993 192
220 192
624 149
220 629
220 34
34 125
625 125
639 34
688 125
688 502
502 920
920 968
666 968
502 976
976 992
467 992
666 238
446 976
538 446
467 425
238 315
480 446
425 785
480 264
951 264
264 603
386 951
327 951
327 950
386 474
710 474
950 209
209 406
72 209
550 209
483 209
72 158
550 930
871 930
871 54
158 448
961 930
906 54
618 906
869 961
754 961
869 74
754 69
584 74
942 74
69 888
888 819
584 165
942 342
967 342
967 113
967 847
649 342
412 967
649 597
847 856
597 247
412 519
519 143
519 680
519 962
301 680
962 577
418 577
943 301
376 943
536 376
555 536
844 536
536 965
555 716
716 228
820 844
879 716
228 352
378 228
820 642
606 642
389 606
994 642
64 994
64 891
994 954
809 994
64 637
637 79
884 954
248 809
248 14
79 211
118 248
634 248
634 918
223 634
862 223
862 430
243 918
929 862
500 862
899 243
729 243
929 796
972 729
899 258
729 401
614 796
339 401
258 977
339 194
890 614
339 957
576 957
370 957
370 790
375 790
240 790
240 966
970 240
600 970
600 901
901 482
449 901
600 182
908 901
61 182
512 908
659 512
338 512
561 659
561 201
659 33
201 392
561 221
660 221
854 33
169 392
660 286
854 737
737 682
737 276
286 867
108 737
276 80
108 429
935 429
743 80
145 935
43 935
168 935
520 168
520 537
789 537
758 168
302 520
302 150
302 517
150 283
530 283
699 150
699 278
126 530
892 278
757 699
983 757
29 757
460 29
29 946
983 610
937 610
523 610
610 706
706 679
679 242
83 706
585 706
5 242
5 709
915 709
709 539
709 490
915 257
493 257
298 493
44 257
912 44
102 493
102 307
18 44
388 102
388 84
307 730
794 388
923 794
442 730
419 730
764 923
764 417
419 115
681 417
417 355
855 355
115 122
855 880
355 94
491 855
52 122
712 880
52 592
400 712
877 400
476 712
565 400
39 565
476 816
608 565
608 428
348 816
816 75
503 75
348 246
246 675
139 503
675 354
958 675
97 958
3 139
217 3
958 360
97 129
795 3
715 129
129 779
827 795
518 827
827 227
30 227
210 518
477 210
776 30
564 776
973 477
876 776
727 973
53 564
674 973
727 959
513 959
53 761
959 752
185 752
872 513
761 395
752 800
185 620
841 872
788 841
841 103
103 31
31 810
230 810
1 810
100
453 118
652 30
611 710
318 389
774 552
28 118
960 440
940 384
372 338
454 406
572 864
222 634
657 803
590 263
960 675
835 790
456 298
273 565
834 264
374 75
978 950
616 752
215 248
303 448
152 923
655 727
296 80
749 230
473 942
628 338
341 862
697 872
382 539
215 108
312 130
465 795
432 520
774 480
421 176
913 880
155 276
499 954
156 930
277 593
753 520
813 879
838 86
726 790
694 973
733 102
421 935
312 103
925 301
426 680
769 872
274 230
882 758
944 939
171 307
349 795
199 474
199 108
694 482
296 75
570 963
824 158
605 963
896 901
665 779
690 998
397 301
35 26
104 954
875 537
328 302
119 120
374 743
797 710
155 537
438 954
905 624
356 5
89 169
897 712
478 3
543 307
469 338
948 126
85 220
694 406
117 800
944 796
975 258
403 966
775 18
662 192
978 307
380 168
422 378
343 31
